,epoch,mean
0,0,0.16111394388055877
1,200,3.0867781622452906e-05
2,400,3.226159596736298e-05
3,600,1.3225340680934682e-05
4,800,9.729027297193385e-06
5,1000,2.1567525310777898e-05
6,1200,6.464338502285445e-06
7,1400,5.95901576316801e-06
8,1600,5.268977743602888e-06
9,1800,7.162112862574223e-06
10,2000,7.91669870562604e-06
11,2200,8.378990986372762e-06
12,2400,5.77433465761032e-06
13,2600,7.346447947370669e-06
14,2800,6.2645008330129425e-06
15,3000,5.937096843094536e-06
16,3200,7.407847409116153e-06
17,3400,4.57116066470161e-06
18,3600,4.4631252936904604e-06
19,3800,6.0742022299115715e-06
20,4000,1.3882592165406462e-05
21,4200,5.964778503994189e-06
22,4400,4.245401341364432e-06
23,4600,4.2644965611516936e-06
24,4800,4.596262121406297e-06
