,epoch,mean
0,0,0.0
1,200,0.9999656496688948
2,400,0.9999304010014248
3,600,0.9998128403171692
4,800,0.9999181576021539
5,1000,0.9998334904619524
6,1200,0.9995040352209473
7,1400,0.9998369146635149
8,1600,0.999336465114063
9,1800,0.9999043494180878
10,2000,0.9999341964468506
11,2200,0.9999202302268884
12,2400,0.9999185186699185
13,2600,0.9999430887459463
14,2800,0.9999220830809029
15,3000,0.999963467966158
16,3200,0.9999518980767019
17,3400,0.9999686972371428
18,3600,0.9999538506994076
19,3800,0.9999654918405695
20,4000,0.9999631534294764
21,4200,0.9999450595965947
22,4400,0.9999584041545047
23,4600,0.9999423513559524
24,4800,0.9998565059035289
