,epoch,mean
0,0,
1,200,0.9305477151289561
2,400,0.9321242694668805
3,600,0.931183811440226
4,800,0.9317164845516062
5,1000,0.9313715387974978
6,1200,0.9310775600212822
7,1400,0.9309410482564872
8,1600,0.9303805210177997
9,1800,0.9311133801066542
10,2000,0.9311308673155632
11,2200,0.9305165089483857
12,2400,0.9316040824199349
13,2600,0.9315114979541392
14,2800,0.9314044354613513
15,3000,0.9315828069459674
16,3200,0.9313413781446466
17,3400,0.9313390991931069
18,3600,0.9311321836346456
19,3800,0.9312584672613916
20,4000,0.9316594488536435
21,4200,0.9307335497919718
22,4400,0.9338765834413314
23,4600,0.9325097023690208
24,4800,0.9324811461799434
