,epoch,mean
0,0,0.5
1,200,0.4999103288117493
2,400,0.49993942830586324
3,600,0.49999142649625666
4,800,0.5002177127171717
5,1000,0.4999582674002056
6,1200,0.500385709430258
7,1400,0.5003414519134846
8,1600,0.5002844422034527
9,1800,0.5003084327154783
10,2000,0.5002269406520116
11,2200,0.5005395394696424
12,2400,0.5006745945791985
13,2600,0.5003827110813793
14,2800,0.5005829726342985
15,3000,0.5011050311660193
16,3200,0.5014357319262552
17,3400,0.5004991070936411
18,3600,0.5007103168115409
19,3800,0.5007155520737127
20,4000,0.5003656685344244
21,4200,0.5003117638282017
22,4400,0.502205998525542
23,4600,0.502723109066048
24,4800,0.5019071776855374
