,epoch,mean
0,0,0.5
1,200,0.5008829391329783
2,400,0.5009328038522808
3,600,0.501232250748294
4,800,0.5014525945360013
5,1000,0.5020270890032209
6,1200,0.502325398573783
7,1400,0.5016728946174924
8,1600,0.5021158755277397
9,1800,0.5022007824503492
10,2000,0.5013622244666597
11,2200,0.5019695901229343
12,2400,0.5018738486715731
13,2600,0.5018178011778257
14,2800,0.5021304345251021
15,3000,0.5030000117608524
16,3200,0.5032031852977304
17,3400,0.502135598253419
18,3600,0.5034063571085928
19,3800,0.5020337093276162
20,4000,0.5032977772075895
21,4200,0.5020613993321006
22,4400,0.5173240576263265
23,4600,0.5178225697194974
24,4800,0.5178967523280524
