,epoch,mean
0,0,0.15336495252812635
1,200,0.005356863272116268
2,400,0.005261599328515192
3,600,0.005323013131287242
4,800,0.005278212249989321
5,1000,0.005304778052264281
6,1200,0.005354901403837167
7,1400,0.005324104293272337
8,1600,0.005424775742248838
9,1800,0.0053121743685736
10,2000,0.005311866253461179
11,2200,0.005351290775032136
12,2400,0.005282504296172025
13,2600,0.0052667922469601825
14,2800,0.005291981885858456
15,3000,0.005279377161594155
16,3200,0.005305065614494296
17,3400,0.005294123990229089
18,3600,0.005309992889137434
19,3800,0.005299505792151944
20,4000,0.005270706901903827
21,4200,0.005326940826954668
22,4400,0.005092108653366939
23,4600,0.005165305334053078
24,4800,0.005164232167011652
