,epoch,mean
0,0,0.07966868686868686
1,200,0.0
2,400,0.0
3,600,0.003333333333333333
4,800,0.01
5,1000,0.0
6,1200,0.01
7,1400,0.008666666666666666
8,1600,0.010666666666666666
9,1800,0.010333333333333333
10,2000,0.009
11,2200,0.010666666666666666
12,2400,0.012888888888888889
13,2600,0.010444444444444444
14,2800,0.009222222222222222
15,3000,0.011666666666666667
16,3200,0.01791111111111111
17,3400,0.008333333333333331
18,3600,0.01411111111111111
19,3800,0.013666666666666664
20,4000,0.009666666666666665
21,4200,0.01
22,4400,0.035011111111111104
23,4600,0.034602886002886
24,4800,0.026432539682539682
