,epoch,mean
0,0,0.7633333333333333
1,200,0.0
2,400,0.0
3,600,7.959022852639875e-05
4,800,0.0005165484633569739
5,1000,0.0
6,1200,0.0008325453112687153
7,1400,0.0007529550827423167
8,1600,0.0006245074862096139
9,1800,0.0006930654058313632
10,2000,0.0005165484633569739
11,2200,0.0011552403467297084
12,2400,0.0014431767567752766
13,2600,0.0008282111899133174
14,2800,0.0012414431082331174
15,3000,0.002269777640730462
16,3200,0.002932675506218522
17,3400,0.001061465721040189
18,3600,0.0014755713159968478
19,3800,0.001474389282899921
20,4000,0.00077698975571316
21,4200,0.0006603624901497241
22,4400,0.004480710590331312
23,4600,0.005501370473155858
24,4800,0.004092952341796005
