,epoch,mean
0,0,0.0
1,200,0.8710790457020349
2,400,0.8737805623886579
3,600,0.8722749799520539
4,800,0.8731191778435335
5,1000,0.8726042890915231
6,1200,0.8723382789810659
7,1400,0.871832994864659
8,1600,0.8712443732953081
9,1800,0.8720661319690395
10,2000,0.8720750736975283
11,2200,0.8710312728688139
12,2400,0.8729153622684914
13,2600,0.8727337863508603
14,2800,0.8726105403328117
15,3000,0.8728180593774916
16,3200,0.8724009395954775
17,3400,0.872437756049061
18,3600,0.8720947046827664
19,3800,0.8722530483534355
20,4000,0.8729817535699356
21,4200,0.8714116751992017
22,4400,0.8768601634542637
23,4600,0.8745052524031165
24,4800,0.8744929740521221
