,epoch,max,mean,min,std
0,0,84.0,84.0,84.0,0.0
1,200,50.0,39.739999999999995,0.0,14.198010815290681
2,400,17.666666666666668,12.396666666666665,0.0,5.557116558472068
3,600,8.333333333333334,5.320000000000001,0.0,2.3724904870433328
4,800,2.0,1.27,0.0,0.6661581393833348
5,1000,1.3333333333333333,0.29,0.0,0.431161222746202
6,1200,3.6666666666666665,1.27,0.0,1.1534441179932962
7,1400,0.0,0.0,0.0,0.0
8,1600,2.0,0.7900000000000001,0.0,0.7712255758783476
9,1800,2.0,1.483333333333333,0.0,0.6504272100362619
10,2000,1.6666666666666667,1.0899999999999999,0.0,0.4264973622427224
11,2200,0.0,0.0,0.0,0.0
12,2400,0.0,0.0,0.0,0.0
13,2600,0.0,0.0,0.0,0.0
14,2800,0.3333333333333333,0.2633333333333333,0.0,0.1357694123627753
15,3000,0.0,0.0,0.0,0.0
16,3200,0.0,0.0,0.0,0.0
17,3400,0.0,0.0,0.0,0.0
18,3600,0.0,0.0,0.0,0.0
19,3800,0.0,0.0,0.0,0.0
20,4000,0.0,0.0,0.0,0.0
21,4200,0.0,0.0,0.0,0.0
22,4400,0.0,0.0,0.0,0.0
23,4600,0.0,0.0,0.0,0.0
24,4800,0.0,0.0,0.0,0.0
