,epoch,max,mean,min,std
0,0,39.0,39.0,39.0,0.0
1,200,19.0,15.53333333333333,0.0,5.607138307550475
2,400,7.0,5.7766666666666655,0.3333333333333333,2.0902179578003612
3,600,3.0,2.09,0.0,0.7686279261703212
4,800,1.3333333333333333,0.8799999999999997,0.0,0.32152414804766655
5,1000,5.0,2.643333333333333,0.0,1.7896337303730305
6,1200,1.3333333333333333,0.7233333333333333,0.0,0.4244080845391876
7,1400,0.0,0.0,0.0,0.0
8,1600,2.0,0.7866666666666667,0.0,0.5802681372530385
9,1800,2.0,1.2766666666666666,0.0,0.49677851089684716
10,2000,1.3333333333333333,0.7866666666666667,0.0,0.318049611783375
11,2200,0.3333333333333333,0.08666666666666666,0.0,0.14621141466307536
12,2400,0.0,0.0,0.0,0.0
13,2600,0.0,0.0,0.0,0.0
14,2800,0.0,0.0,0.0,0.0
15,3000,0.3333333333333333,0.11,0.0,0.1567375726067833
16,3200,0.0,0.0,0.0,0.0
17,3400,0.0,0.0,0.0,0.0
18,3600,0.0,0.0,0.0,0.0
19,3800,0.0,0.0,0.0,0.0
20,4000,0.0,0.0,0.0,0.0
21,4200,0.0,0.0,0.0,0.0
22,4400,0.0,0.0,0.0,0.0
23,4600,0.0,0.0,0.0,0.0
24,4800,0.0,0.0,0.0,0.0
