,epoch,max,mean,min,std
0,0,0.06942697436272983,0.06929213514948464,0.06911503898581946,7.048989944038378e-05
1,200,0.02772059301571028,0.02526504740342034,0.012705573761821359,0.0035163619598736918
2,400,0.014276549719379401,0.01357826699743078,0.010234649880286174,0.0007164076687455306
3,600,0.009671174700817147,0.009242761780674506,0.009121694545646873,6.616499638407857e-05
4,800,0.009536424940346509,0.009312888793280566,0.009105955788270283,9.214319549623755e-05
5,1000,0.009678108948735631,0.009535912245798828,0.009260864258557454,0.00010077920439790288
6,1200,0.00949299374070616,0.009346005746670489,0.009136221111538298,6.747379145556777e-05
7,1400,0.009340438252279851,0.009281562168803614,0.009239740718364324,2.2528598763513362e-05
8,1600,0.009384089351063593,0.009264581323015771,0.009168791002239675,4.596903156469698e-05
9,1800,0.009806614265168668,0.00957431080231657,0.009282854172896465,0.00015208460523622589
10,2000,0.009239447180469864,0.00919781142580489,0.00916157318410298,1.7962026843627993e-05
11,2200,0.009215207215783918,0.009160739868060515,0.00913111054152961,1.4185045279134187e-05
12,2400,0.009185473027264647,0.009170193765523638,0.009150260685247229,7.79585543973744e-06
13,2600,0.009185794637390178,0.009173854386489527,0.009162280482272793,5.1436570202783765e-06
14,2800,0.009162869185437428,0.00914793445134045,0.009130613988514795,7.934868802315237e-06
15,3000,0.009190188755240658,0.009171368976929915,0.00915623213700876,6.350238170394373e-06
16,3200,0.00919135293914225,0.009174788538799687,0.009165465459967574,6.013139396050508e-06
17,3400,0.009172528270567486,0.009161657610320817,0.00914800534592922,6.4173900998031765e-06
18,3600,0.009173558195972653,0.009159857338142228,0.009142448061286968,6.910720679130698e-06
19,3800,0.009177996049545452,0.009168170487948265,0.009156441865053938,5.247306863796783e-06
20,4000,0.009171975776512492,0.009155804348754754,0.009137998002396312,7.453439289948422e-06
21,4200,0.009170076425631982,0.009157372835844578,0.009143245271964995,6.232297423829275e-06
22,4400,0.00917385641257229,0.00916184235204612,0.009148622324746893,5.70003316118603e-06
23,4600,0.009173535209290687,0.009161077579034518,0.009149657132279198,5.798618158800683e-06
24,4800,0.009176942120348502,0.009163132698249962,0.009150244818334013,6.034805084978382e-06
