,epoch,max,mean,min,std
0,0,44.0,44.0,44.0,0.0
1,200,7.666666666666667,5.453333333333332,0.0,2.1931813523838937
2,400,9.333333333333334,6.190000000000001,0.0,2.0646522440568265
3,600,8.333333333333334,4.15,0.0,2.421833556993085
4,800,4.666666666666667,2.5466666666666664,0.0,1.3683079575397739
5,1000,8.666666666666666,4.633333333333334,0.0,3.1873011920571432
6,1200,4.666666666666667,3.2400000000000007,0.0,1.2832943717029401
7,1400,0.3333333333333333,0.18666666666666662,0.0,0.16546231527987812
8,1600,2.3333333333333335,1.4500000000000002,0.0,0.7045487129282753
9,1800,3.0,1.5666666666666667,0.0,0.9024657580453922
10,2000,1.3333333333333333,0.6633333333333331,0.0,0.4910193478876367
11,2200,1.3333333333333333,0.43333333333333335,0.0,0.4702245326555295
12,2400,0.3333333333333333,0.18999999999999992,0.0,0.16502525059315418
13,2600,0.0,0.0,0.0,0.0
14,2800,0.3333333333333333,0.17333333333333328,0.0,0.1665332799572906
15,3000,0.3333333333333333,0.10000000000000002,0.0,0.15275252316519466
16,3200,0.0,0.0,0.0,0.0
17,3400,0.0,0.0,0.0,0.0
18,3600,0.0,0.0,0.0,0.0
19,3800,0.0,0.0,0.0,0.0
20,4000,0.0,0.0,0.0,0.0
21,4200,0.0,0.0,0.0,0.0
22,4400,0.0,0.0,0.0,0.0
23,4600,0.0,0.0,0.0,0.0
24,4800,0.0,0.0,0.0,0.0
