,epoch,max,mean,min,std
0,0,83.0,83.0,83.0,0.0
1,200,35.333333333333336,31.763333333333335,12.0,5.76161532134098
2,400,19.0,15.200000000000003,12.0,2.536839678725393
3,600,13.0,12.510000000000005,12.0,0.37254380801308296
4,800,15.0,13.526666666666667,12.0,1.000199980003999
5,1000,12.333333333333334,12.086666666666666,12.0,0.14621141466307566
6,1200,14.0,13.293333333333335,12.0,0.5543364401596641
7,1400,12.0,12.0,12.0,0.0
8,1600,13.666666666666666,12.626666666666665,12.0,0.4552898954390366
9,1800,14.0,12.893333333333338,12.0,0.7511176857042959
10,2000,12.333333333333334,12.089999999999996,12.0,0.14798648586948768
11,2200,12.0,12.0,12.0,0.0
12,2400,12.0,12.0,12.0,0.0
13,2600,12.0,12.0,12.0,0.0
14,2800,12.0,12.0,12.0,0.0
15,3000,12.0,12.0,12.0,0.0
16,3200,12.0,12.0,12.0,0.0
17,3400,12.0,12.0,12.0,0.0
18,3600,12.0,12.0,12.0,0.0
19,3800,12.0,12.0,12.0,0.0
20,4000,12.0,12.0,12.0,0.0
21,4200,12.0,12.0,12.0,0.0
22,4400,12.0,12.0,12.0,0.0
23,4600,12.0,12.0,12.0,0.0
24,4800,12.0,12.0,12.0,0.0
