,epoch,max,mean,min,std
0,0,0.04211364768129474,0.04133594174401787,0.04095855653808365,0.00022205397047804924
1,200,0.006021059360563398,0.004271185810707725,4.2199276224651076e-05,0.0016757353817110504
2,400,0.006373051573570605,0.004443211228282163,5.597969035108597e-05,0.0014458660561991164
3,600,0.006322176757413205,0.002599832951917151,1.3330953296351219e-05,0.0019774644805111968
4,800,0.0007940148172558784,0.0004444182487809939,1.4592372896871168e-05,0.0002248582984318769
5,1000,0.006783505428315118,0.0033096746458932164,1.0766005748704711e-05,0.0027587751634496325
6,1200,0.001924799375087726,0.0010474637502059646,1.2320047844846e-05,0.0005974532557040516
7,1400,6.047338325308336e-05,3.5675573497372814e-05,7.937423335347209e-06,2.320347604356876e-05
8,1600,0.00031888620371896037,0.00020655229368435828,4.759768831279788e-06,9.88578558205756e-05
9,1800,0.0004712244374874132,0.00023567539652026386,9.804836967466724e-06,0.00012678871608377005
10,2000,0.00031821613176861166,0.0001847171051427107,1.0206086792015278e-05,0.00011733427300834507
11,2200,0.0003239031996240762,0.00011316333461489173,5.80606970457028e-06,0.00012317262819799116
12,2400,0.00012255756333034304,6.901954071388904e-05,8.009129577757028e-06,5.2847167544645215e-05
13,2600,1.1374745976822101e-05,9.394286690711142e-06,8.946192856227455e-06,3.0174446797682333e-07
14,2800,0.00011822864221941501,6.518141374196737e-05,7.991736999810816e-06,5.3753906033287165e-05
15,3000,0.00011888528832012103,4.162298688538596e-05,8.492155031947421e-06,4.943128115690169e-05
16,3200,1.1004314579862444e-05,8.537195706169178e-06,8.117146640791392e-06,4.4464913531288766e-07
17,3400,1.3184794615013758e-05,1.0644428577531227e-05,1.0181371023354873e-05,3.8956008222054904e-07
18,3600,1.0169775971390735e-05,8.491773615764387e-06,8.005162849453507e-06,2.990649970788827e-07
19,3800,1.1975857881278871e-05,8.633446842789402e-06,8.197091472754679e-06,4.906111321029299e-07
20,4000,1.1173663365128187e-05,8.528148514307682e-06,8.300836674539096e-06,2.910683085810416e-07
21,4200,1.2334694226274387e-05,9.266854018295771e-06,8.84000659087164e-06,5.22005213827997e-07
22,4400,9.791411117824034e-06,9.346292329567991e-06,9.096318265868438e-06,1.2814955927056856e-07
23,4600,8.673404002123723e-06,8.08984639607477e-06,7.840391058384137e-06,1.4493582702175927e-07
24,4800,1.0194186607104714e-05,8.66139702068191e-06,8.414956396501955e-06,2.2107803402334977e-07
