,epoch,max,mean,min,std
0,0,54.0,54.0,54.0,0.0
1,200,7.0,6.039999999999999,2.3333333333333335,1.0157427495844276
2,400,6.666666666666667,5.246666666666666,0.0,1.2152914602404368
3,600,7.0,4.709999999999999,0.0,1.9593961654890861
4,800,2.3333333333333335,1.5233333333333334,0.0,0.573982190974211
5,1000,3.3333333333333335,1.153333333333333,0.0,0.750436909776935
6,1200,2.0,1.1533333333333333,0.0,0.6419068814434415
7,1400,0.0,0.0,0.0,0.0
8,1600,1.3333333333333333,0.41999999999999993,0.0,0.4336409164786511
9,1800,1.6666666666666667,1.1966666666666665,0.0,0.4692665672207122
10,2000,0.3333333333333333,0.10000000000000002,0.0,0.15275252316519466
11,2200,0.0,0.0,0.0,0.0
12,2400,0.0,0.0,0.0,0.0
13,2600,0.0,0.0,0.0,0.0
14,2800,0.0,0.0,0.0,0.0
15,3000,0.0,0.0,0.0,0.0
16,3200,0.0,0.0,0.0,0.0
17,3400,0.0,0.0,0.0,0.0
18,3600,0.0,0.0,0.0,0.0
19,3800,0.0,0.0,0.0,0.0
20,4000,0.0,0.0,0.0,0.0
21,4200,0.0,0.0,0.0,0.0
22,4400,0.0,0.0,0.0,0.0
23,4600,0.0,0.0,0.0,0.0
24,4800,0.0,0.0,0.0,0.0
