,epoch,max,mean,min,std
0,0,0.03709273885298491,0.03695168078618521,0.03665459316624253,0.00012822440262830046
1,200,0.015457709997579278,0.012396624961095552,0.00011603229527104961,0.004752158512622109
2,400,0.00505970760126854,0.004059411968127848,6.439525701348078e-05,0.0016323203004457673
3,600,0.003854878363836457,0.0025277313324748927,9.561157796451913e-05,0.0010207118820978447
4,800,0.0002482146671304688,0.00016971858605461062,1.7004448838358873e-05,5.473065130685095e-05
5,1000,0.00572435876311309,0.0027346250628065318,1.2761066663411914e-05,0.002069685784431683
6,1200,0.0002827601919489655,0.0001490692265286652,1.0718710142008872e-05,8.052132600591611e-05
7,1400,1.1706527200567952e-05,9.955230894100559e-06,9.309402773455059e-06,5.925728065098863e-07
8,1600,0.00038791917638515103,0.0001562730044813859,6.019255923139045e-06,0.0001087721229620143
9,1800,0.0003559095097734083,0.00023140123558501108,9.62185891059401e-06,8.582049422684133e-05
10,2000,0.0002409683699187736,0.00014857532206782496,1.072237173736597e-05,5.3988859161809194e-05
11,2200,6.537941247668276e-05,2.1816106544288013e-05,5.855297819926808e-06,2.5026662381937545e-05
12,2400,8.793931515961504e-06,8.128635913334105e-06,7.852901509187553e-06,1.617494152471031e-07
13,2600,9.219897109170466e-06,8.77470407189746e-06,8.511174985607895e-06,1.3373025680367423e-07
14,2800,1.695440703514521e-05,8.390863099052255e-06,7.852901509187553e-06,1.0658580976988146e-06
15,3000,6.771225556308216e-05,2.8946538673566734e-05,8.390342338823692e-06,2.6114704672875692e-05
16,3200,8.416787194180504e-06,8.090689580116723e-06,7.882601115972894e-06,9.808001270686568e-08
17,3400,1.0220733173443668e-05,9.972289860025348e-06,9.747573684521012e-06,1.0798613111156742e-07
18,3600,8.80979842917559e-06,8.266779769278807e-06,8.018080144185488e-06,1.3373852056369596e-07
19,3800,8.584000048821271e-06,8.375374550691737e-06,8.206448883111705e-06,8.482843807331266e-08
20,4000,8.214585761683031e-06,8.033617513817435e-06,7.857376792401782e-06,7.885335829703833e-08
21,4200,8.879775584889002e-06,8.693746198552043e-06,8.550232002750263e-06,6.781006722961061e-08
22,4400,8.915171006674274e-06,8.735683670708662e-06,8.581152141321307e-06,7.393071900954318e-08
23,4600,8.356574292752684e-06,8.071307535359821e-06,7.872023173830171e-06,9.104565479614646e-08
24,4800,8.50832707810793e-06,8.349779999145626e-06,8.143388074183921e-06,7.831834390347124e-08
