,epoch,max,mean,min,std
0,0,0.04083046294770632,0.04053295195986891,0.04020250392095836,0.0001021072742487005
1,200,0.006751678231205337,0.005762517169830897,0.001510400456478888,0.001100636345190094
2,400,0.005581295655517109,0.004761178652288803,0.0002294459395958819,0.0010351996728324023
3,600,0.00576086212262683,0.00394771192703661,9.915325607367128e-05,0.0015584384791554613
4,800,0.00031705906763576885,0.00021139319431476292,1.4632040179906384e-05,7.321150899174688e-05
5,1000,0.0020124488139482374,0.0006730433838023227,9.868304620323074e-06,0.0004684641210312801
6,1200,0.0003046316129937814,0.0001735307818116353,1.2133306481634046e-05,8.789410178926771e-05
7,1400,2.1336116145804726e-05,1.0186781030494982e-05,8.226994501504304e-06,1.9930662685068125e-06
8,1600,0.00020149057444328493,6.609285500692652e-05,5.159187858149795e-06,5.983959652847749e-05
9,1800,0.00022864740667508836,0.00016474190329726662,9.850912042376864e-06,6.17200270876383e-05
10,2000,5.581461342707018e-05,2.3654220293782003e-05,9.443254425953386e-06,1.963834576899878e-05
11,2200,7.302136540890866e-06,6.096898018466645e-06,5.63092339332247e-06,3.587624393744576e-07
12,2400,1.855086261083954e-05,8.33137132848782e-06,7.730543197671224e-06,1.0533066984929188e-06
13,2600,1.0016904365231931e-05,9.116209882645869e-06,8.724056071230234e-06,2.379053221671383e-07
14,2800,1.427839109500009e-05,8.483663182048418e-06,7.873650549544436e-06,1.0343548778687872e-06
15,3000,9.502145084613367e-06,8.81589803677462e-06,8.331044836235148e-06,2.0840335192596053e-07
16,3200,8.576981991053503e-06,8.213580857179471e-06,7.83367813356279e-06,1.4817345683716843e-07
17,3400,1.0856630233792861e-05,1.0492917864313482e-05,1.0146280734516026e-05,1.6243458275255222e-07
18,3600,1.2888510524035323e-05,8.202232962901935e-06,7.732984261242623e-06,5.13872073867777e-07
19,3800,8.813460024532688e-06,8.402458151016396e-06,8.088769276773889e-06,1.3685751752361032e-07
20,4000,8.726497134801631e-06,8.335948322684193e-06,8.136675149362577e-06,1.272000204541854e-07
21,4200,9.510383674166833e-06,9.069167536295562e-06,8.848245180425112e-06,1.1885181673650549e-07
22,4400,1.1001263250398197e-05,9.110696130303972e-06,8.872045550246244e-06,2.2516042454895225e-07
23,4600,8.328298639717323e-06,7.88998126483709e-06,7.675314134368342e-06,1.0990265638196899e-07
24,4800,8.757315562390532e-06,8.406614061746701e-06,8.148575334273142e-06,1.0069775778965258e-07
