,epoch,max,mean,min,std
0,0,0.03441361887165905,0.03430388661590271,0.0341181005880929,6.322348274045936e-05
1,200,0.017687523495236876,0.013192736746550469,0.0001298031739929087,0.005283594785286355
2,400,0.004608059044242244,0.003181825088641121,5.830663420052117e-05,0.0014469317120373046
3,600,0.0024950912754353742,0.0014416083877995646,2.0603008814273715e-05,0.000656433290795136
4,800,0.0001695642345536617,0.00011211344639526109,1.4455266492944307e-05,5.036764613419585e-05
5,1000,0.0006112853674512652,0.0001105075487348171,1.3019387130306008e-05,0.00017166204557137612
6,1200,0.000628962507297763,0.00021730446267105252,1.071667592236604e-05,0.0001854650914536679
7,1400,1.0959460036738007e-05,1.0329312443931823e-05,1.006468309909294e-05,1.739312909090786e-07
8,1600,0.0001770344739202871,7.281070492830392e-05,6.133324789610833e-06,6.31131643833536e-05
9,1800,0.00016200766799094366,0.00012227467711848716,9.568969199880388e-06,4.8924371297489256e-05
10,2000,0.00013972225782106596,9.331830884132884e-05,1.049026727611887e-05,3.241901515559045e-05
11,2200,9.628419268942144e-06,6.1955711478491176e-06,5.9795377846127554e-06,4.0037675214781054e-07
12,2400,8.488366297862645e-06,8.164804847138565e-06,7.915758896151053e-06,1.293392841199433e-07
13,2600,9.253741438478077e-06,8.8088893872727e-06,8.567751719424151e-06,1.1204905686493027e-07
14,2800,3.4576444957067796e-05,2.8546322995429103e-05,7.956163583806797e-06,1.0142277212698194e-05
15,3000,9.340602617226993e-06,8.753769917553076e-06,8.478576615831516e-06,1.311396482552348e-07
16,3200,8.220662992865992e-06,7.964273000412946e-06,7.545174932718185e-06,1.4593344763421994e-07
17,3400,1.013356686174833e-05,9.944962407621e-06,9.73023196206587e-06,9.529679782743655e-08
18,3600,8.468608939581641e-06,8.264413971834193e-06,8.018461560368517e-06,1.0550903055792404e-07
19,3800,8.455259373175559e-06,8.274077277970011e-06,8.039286883962008e-06,1.0287426551979178e-07
20,4000,8.190759964116366e-06,8.05397852677745e-06,7.951357739900607e-06,5.046925191454731e-08
21,4200,8.708011163797399e-06,8.520631309895053e-06,8.350598772551867e-06,8.701883722773509e-08
22,4400,8.897041024107537e-06,8.744998362453185e-06,8.57825337833027e-06,7.188647732939422e-08
23,4600,8.059400230680507e-06,7.894456548051317e-06,7.708395631309895e-06,7.900091234163222e-08
24,4800,8.366796246457914e-06,8.189197174875759e-06,8.066697993649165e-06,6.045133134537877e-08
