,epoch,max,mean,min,std
0,0,0.15695200008543722,0.15330287048571065,0.1511219859882951,0.0012954935419533695
1,200,5.435302661369559e-05,3.8073497372805335e-05,1.3059079841086762e-05,9.707135458494997e-06
2,400,0.00015900123883976245,3.584225725148448e-05,1.3593489683455082e-05,1.5896072666103842e-05
3,600,2.732666922978342e-05,1.7250967576573116e-05,5.834935281302063e-06,5.031585377402839e-06
4,800,1.628134478192148e-05,1.2261369558716733e-05,6.0720235806740985e-06,2.361113721344709e-06
5,1000,2.213422188047332e-05,1.5365778119526677e-05,3.971122217950361e-06,4.865605024692097e-06
6,1200,1.1944978427100687e-05,7.895634157802554e-06,3.2867700457089146e-06,1.9906833061075843e-06
7,1400,1.584860523730189e-05,1.1161830919731723e-05,3.331624588833355e-06,2.618468346601842e-06
8,1600,1.0914605493613565e-05,8.458917510359263e-06,2.565679866717929e-06,1.6475290882299097e-06
9,1800,9.090520739886368e-06,6.724541842880943e-06,2.4221453287197232e-06,1.124976485726696e-06
10,2000,5.529924388055875e-06,3.5930155068563366e-06,1.4366269383570422e-06,7.804051613170597e-07
11,2200,7.5519244734931e-05,1.464135161689948e-05,5.11598103293605e-06,7.63839089204514e-06
12,2400,6.4351317869195605e-06,3.7720492118415988e-06,1.4780639924815242e-06,1.1731511293690016e-06
13,2600,5.1279422444359e-06,3.447990089281899e-06,1.2879661668589004e-06,7.732277944763271e-07
14,2800,7.0767653466615395e-06,4.818591140159768e-06,1.5212097911059846e-06,1.3854869864738623e-06
15,3000,9.00721944551241e-06,5.1929984194113365e-06,2.2435815284719552e-06,1.1863467108533815e-06
16,3200,1.7648340381904396e-05,1.6935699944465804e-05,1.552522534068093e-05,4.117896169182499e-07
17,3400,7.6116023751548545e-06,4.385924217181425e-06,1.4413259857319834e-06,1.2896730004035125e-06
18,3600,5.709769746678627e-06,4.179648853005254e-06,1.5895595711051301e-06,8.586630007768753e-07
19,3800,6.628219915417147e-06,4.672326882822846e-06,1.6685890042291425e-06,1.1928915596918974e-06
20,4000,1.3175274467085307e-05,8.690247340766371e-06,4.235550429322056e-06,2.2866343330187387e-06
21,4200,4.67597932419155e-06,3.152048357469349e-06,1.5562390533555469e-06,7.987944810632212e-07
22,4400,1.0973557178862828e-05,8.878747490281515e-06,5.688837626553889e-06,1.2460954574687205e-06
23,4600,8.468110555769147e-06,5.6107992652398635e-06,2.63274808834209e-06,1.3079868221687091e-06
24,4800,1.3939083258575762e-05,1.0899773591353751e-05,6.260839847921738e-06,1.5743539440179517e-06
