,epoch,mean
0,0,0.0
1,200,0.7526244870663463
2,400,0.9921391233253521
3,600,0.787901837237543
4,800,0.9995614049072447
5,1000,0.9990700956507527
6,1200,0.9998082310531748
7,1400,0.999965367965368
8,1600,1.0
9,1800,0.9971845420622032
10,2000,0.9986411224010429
11,2200,0.9991970438825781
12,2400,0.9948651192046009
13,2600,0.9991053927142887
14,2800,0.9992562612639538
15,3000,0.9947865932349518
16,3200,0.9481147426458552
17,3400,0.9973101742046366
18,3600,0.9999915611814346
19,3800,0.9988162177289681
20,4000,0.9950377734356771
21,4200,0.9968015988402091
22,4400,0.9988091781505668
23,4600,0.9999701206824803
24,4800,0.9728213139105188
