,epoch,mean
0,0,0.0
1,200,0.9987207207207207
2,400,1.0
3,600,0.999978947368421
4,800,1.0
5,1000,1.0
6,1200,1.0
7,1400,0.9998577777777777
8,1600,1.0
9,1800,0.9998666666666667
10,2000,1.0
11,2200,0.9998385964912281
12,2400,0.9999368421052631
13,2600,1.0
14,2800,0.9998526315789473
15,3000,0.9999924242424243
16,3200,0.9998577777777777
17,3400,0.999817543859649
18,3600,0.9999087719298245
19,3800,0.9999368421052631
20,4000,0.9999781217750258
21,4200,1.0
22,4400,0.9998807017543859
23,4600,0.9999298245614036
24,4800,1.0
