,epoch,mean
0,0,0.0
1,200,0.901080660384046
2,400,0.9710420216607218
3,600,0.797381107782165
4,800,0.9814980975165185
5,1000,0.9795398777403062
6,1200,0.9817948579042423
7,1400,0.9820644414065467
8,1600,0.9821400432900435
9,1800,0.9781608253333904
10,2000,0.9801158967167134
11,2200,0.9809941520467838
12,2400,0.9747759103219226
13,2600,0.9809054129431324
14,2800,0.9811512283844407
15,3000,0.9749942575826107
16,3200,0.9176114952647024
17,3400,0.9782368291637674
18,3600,0.9821270410875674
19,3800,0.9804178514467988
20,4000,0.9751930232262911
21,4200,0.9774118614350198
22,4400,0.9804748869299688
23,4600,0.9820774284195338
24,4800,0.9446494286047313
