,epoch,mean
0,0,0.0
1,200,0.5117090909090909
2,400,0.9946545454545456
3,600,0.9981333333333334
4,800,0.9986303030303031
5,1000,0.9443393939393938
6,1200,0.9966060606060606
7,1400,0.9981818181818183
8,1600,0.9998424242424243
9,1800,0.9966666666666667
10,2000,0.994618181818182
11,2200,1.0
12,2400,0.9994181818181819
13,2600,0.999539393939394
14,2800,0.998969696969697
15,3000,0.9974060606060607
16,3200,0.9925333333333334
17,3400,0.999369696969697
18,3600,0.9997575757575757
19,3800,0.999890909090909
20,4000,0.9999757575757576
21,4200,0.9998545454545454
22,4400,0.9997939393939393
23,4600,0.998909090909091
24,4800,0.9980969696969698
