,epoch,mean
0,0,0.0
1,200,0.7731651161297323
2,400,0.9963014498760898
3,600,0.9988324788984629
4,800,0.9991004884004884
5,1000,0.9656861064947707
6,1200,0.9977652126962434
7,1400,0.9987087912087912
8,1600,0.9998761904761905
9,1800,0.9976912607229902
10,2000,0.9961981057084848
11,2200,1.0
12,2400,0.9995484400656814
13,2600,0.9997861906819772
14,2800,0.9993311355311355
15,3000,0.9982186555075572
16,3200,0.9948737597938548
17,3400,0.9995050301810866
18,3600,0.9998249084249083
19,3800,1.0
20,4000,0.9999806763285023
21,4200,0.9998661145617668
22,4400,0.9998357487922706
23,4600,0.9991692307692308
24,4800,0.998595815474497
