,epoch,mean
0,0,0.5
1,200,0.99601136773792
2,400,0.998353029561441
3,600,0.9983820668657215
4,800,1.0
5,1000,1.0
6,1200,1.0
7,1400,0.9999288888888889
8,1600,1.0
9,1800,0.9998287581699347
10,2000,1.0
11,2200,0.9999192982456141
12,2400,0.9999684210526316
13,2600,1.0
14,2800,0.9999263157894738
15,3000,0.9992583732933732
16,3200,0.9999288888888889
17,3400,0.9999087719298245
18,3600,0.9999543859649123
19,3800,0.9999684210526316
20,4000,0.9999890608875129
21,4200,1.0
22,4400,0.9999403508771929
23,4600,0.9999649122807018
24,4800,0.9998322440087146
