,epoch,mean
0,0,
1,200,0.7544580974009976
2,400,0.9941648861191047
3,600,0.8758148747064284
4,800,0.9993268820887045
5,1000,0.9814240005641617
6,1200,0.9987783096552028
7,1400,0.9993327173257549
8,1600,0.9999376498800959
9,1800,0.9974216682606811
10,2000,0.9974034839686802
11,2200,0.9995960670250038
12,2400,0.9971527900826959
13,2600,0.9994422568686455
14,2800,0.9992888559821862
15,3000,0.9964678888760153
16,3200,0.9696271530573793
17,3400,0.9983918636842282
18,3600,0.9999076209068287
19,3800,0.9994046133049724
20,4000,0.9974883814700587
21,4200,0.9983202226670348
22,4400,0.9993187603302288
23,4600,0.9995666765557338
24,4800,0.9852836012079004
