,epoch,mean
0,0,
1,200,0.5992593128919173
2,400,0.9826033469817089
3,600,0.881043068763995
4,800,0.9899814398814397
5,1000,0.9597967359824937
6,1200,0.9891282317127882
7,1400,0.9900501150501148
8,1600,0.9909114933114931
9,1800,0.9872955117544302
10,2000,0.9872852914459108
11,2200,0.9904011154011152
12,2400,0.9868436001061428
13,2600,0.9901259845989202
14,2800,0.9899706394418782
15,3000,0.9860138033604946
16,3200,0.9516243594750063
17,3400,0.988658868425278
18,3600,0.9908627881127879
19,3800,0.9900511407511405
20,4000,0.9873987748224347
21,4200,0.9884800621056092
22,4400,0.9900329988648571
23,4600,0.9904170274170273
24,4800,0.9701440819805945
