,epoch,mean
0,0,0.5
1,200,0.7438427111350188
2,400,0.9924495606957144
3,600,0.9523250493096647
4,800,0.9962500627577551
5,1000,0.968970485924332
6,1200,0.9952951407566792
7,1400,0.9961244396629012
8,1600,0.9969626322395554
9,1800,0.9947001972386587
10,2000,0.9940191500806884
11,2200,0.996844181459566
12,2400,0.995432956786803
13,2600,0.9966000717231487
14,2800,0.996358615743231
15,3000,0.9945097364174288
16,3200,0.9802489151873768
17,3400,0.9960477676169985
18,3600,0.9969182356105434
19,3800,0.996691016675632
20,4000,0.9958281154742693
21,4200,0.9961501524116909
22,4400,0.9966523937600862
23,4600,0.9964880760265376
24,4800,0.9891786623632779
