,epoch,mean
0,0,
1,200,0.9935362070874169
2,400,0.9969929976402943
3,600,0.9969528932850359
4,800,1.0
5,1000,1.0
6,1200,1.0
7,1400,0.9999285063267166
8,1600,1.0
9,1800,0.999709204375871
10,2000,1.0
11,2200,0.9999188712522046
12,2400,0.999968253968254
13,2600,1.0
14,2800,0.9999259259259259
15,3000,0.9987199569676388
16,3200,0.9999285063267166
17,3400,0.9999082892416226
18,3600,0.9999541446208113
19,3800,0.999968253968254
20,4000,0.9999890005531031
21,4200,1.0
22,4400,0.9999400352733686
23,4600,0.9999647266313934
24,4800,0.9996410256410256
