,epoch,mean
0,0,0.04986207517484118
1,200,0.000312175011289919
2,400,8.477905445402562e-05
3,600,8.762278473480896e-05
4,800,7.043955011198379e-06
5,1000,8.036933291835252e-06
6,1200,9.068148849953924e-06
7,1400,9.757550667325754e-06
8,1600,8.86109310826727e-06
9,1800,1.3943512720992535e-05
10,2000,7.669369381739623e-06
11,2200,1.1033747093608685e-05
12,2400,7.979052318094993e-06
13,2600,8.0713492368625e-06
14,2800,9.436246590139324e-06
15,3000,4.206508729853597e-05
16,3200,9.734202351964749e-06
17,3400,8.619926554499795e-06
18,3600,6.994290199740026e-06
19,3800,9.223714169763766e-06
20,4000,9.24357039111941e-06
21,4200,9.044490672085826e-06
22,4400,8.504282998602492e-06
23,4600,7.4208816206221036e-06
24,4800,1.6292885672787635e-05
