,epoch,mean
0,0,0.5
1,200,0.817291538774563
2,400,0.995156360189671
3,600,0.8937060418471507
4,800,0.9995127812106699
5,1000,0.9888374520758361
6,1200,0.999241152995725
7,1400,0.9996400158300267
8,1600,0.9999720430107527
9,1800,0.9979567037308631
10,2000,0.9983054441810033
11,2200,0.999598521941289
12,2400,0.9973283227221847
13,2600,0.9994990341896726
14,2800,0.9994237653615549
15,3000,0.9968945625831434
16,3200,0.9727139382830199
17,3400,0.9985432591453292
18,3600,0.9999504106661465
19,3800,0.9994081088644842
20,4000,0.9975145856425697
21,4200,0.9983706918932229
22,4400,0.9993680299354984
23,4600,0.9997874676594877
24,4800,0.9860560785499262
