,epoch,max,mean,min,std
0,0,0.06044137746713679,0.060369544299018606,0.06030127706744393,3.648374791716514e-05
1,200,0.006964755830269095,0.00598871067413987,0.00021996317436532737,0.0014759914768559315
2,400,0.0036899319532665686,0.0030410244390626294,6.829150743030019e-05,0.00075829806881782
3,600,0.0021565224566634286,0.0015377637500077587,2.3361020105861832e-05,0.0005568260927978932
4,800,0.0002521509551626174,0.00022894343288960744,1.7850684209776865e-05,6.039397846066102e-05
5,1000,0.0002492526616068843,0.0001424844327169074,9.956430666414005e-06,7.995688655080035e-05
6,1200,0.0001440037855262769,4.3894726734147467e-05,1.4413624973665983e-05,3.056137164918912e-05
7,1400,0.0008668149769264725,0.0005085945364720196,2.6799977946972692e-05,0.00024442366338648454
8,1600,2.1683091425498193e-05,2.002002444088821e-05,1.9211545855144467e-05,4.7261071270771713e-07
9,1800,0.0012750330156456006,0.0007032805689096858,2.1360328575502224e-05,0.00038723396096591287
10,2000,0.00011031216352246727,5.299323037782607e-05,1.4943043675582442e-05,3.753459681192867e-05
11,2200,0.000791301906308955,0.0007687880919494402,7.251590355524739e-05,0.00010612838522833832
12,2400,3.36822750253482e-05,1.8622259756182603e-05,1.172899750369954e-05,9.582492271909641e-06
13,2600,0.0008709502846629594,0.0004894562796908048,1.7941817249775726e-05,0.000323050012081652
14,2800,3.45309514603376e-05,2.3943897682716092e-05,1.2715980010610282e-05,1.0260396803200029e-05
15,3000,1.5131881849810849e-05,1.4624745468267192e-05,1.4281890995975323e-05,1.8409865254401874e-07
16,3200,1.2517940904458908e-05,1.1444993944545398e-05,1.0692943359866339e-05,3.8841851603740227e-07
17,3400,0.0006181811145030421,0.000568511006614813,1.5882707104032233e-05,0.00014295620231445918
18,3600,8.053736363360867e-06,7.053399360973371e-06,6.439630020304119e-06,4.1642662443738813e-07
19,3800,0.0002694051853093247,0.00019734983367124853,1.5810560114033133e-05,0.00010569235466555881
20,4000,8.698969970275878e-06,7.92360159526634e-06,7.249019936447849e-06,2.623566442876555e-07
21,4200,8.297780129127046e-06,7.683740602361644e-06,7.1754124810641515e-06,2.472528301019307e-07
22,4400,9.381737537575035e-06,7.92756675878552e-06,7.442385553368509e-06,3.6147360401665427e-07
23,4600,8.728033231429361e-06,7.560659882074722e-06,6.5685891137640465e-06,3.296692358530258e-07
24,4800,1.1704899824853687e-05,1.1264670283509192e-05,1.0789772214865126e-05,2.1051772059934722e-07
