,epoch,max,mean,min,std
0,0,71.0,71.0,71.0,0.0
1,200,19.666666666666668,17.793333333333337,0.0,3.6997837774659206
2,400,15.0,12.033333333333333,1.3333333333333333,2.9171904291629644
3,600,4.0,2.803333333333333,0.0,0.9068811020929555
4,800,0.3333333333333333,0.026666666666666665,0.0,0.09043106644167023
5,1000,4.333333333333333,2.0866666666666673,0.0,1.2225837849043766
6,1200,1.3333333333333333,0.49,0.0,0.4306455103162642
7,1400,2.0,0.6033333333333334,0.0,0.6939340346491476
8,1600,0.0,0.0,0.0,0.0
9,1800,2.3333333333333335,0.9966666666666665,0.0,0.8117128665838541
10,2000,0.6666666666666666,0.33333333333333326,0.0,0.29439202887759486
11,2200,3.3333333333333335,3.069999999999999,0.0,0.6169728969375846
12,2400,1.0,0.5566666666666668,0.0,0.3335166162777102
13,2600,0.0,0.0,0.0,0.0
14,2800,0.3333333333333333,0.2566666666666666,0.0,0.14027750275000542
15,3000,0.0,0.0,0.0,0.0
16,3200,0.0,0.0,0.0,0.0
17,3400,2.0,1.9,0.0,0.4123105625617663
18,3600,0.0,0.0,0.0,0.0
19,3800,0.0,0.0,0.0,0.0
20,4000,0.0,0.0,0.0,0.0
21,4200,0.0,0.0,0.0,0.0
22,4400,0.0,0.0,0.0,0.0
23,4600,0.3333333333333333,0.15666666666666668,0.0,0.1663663961795704
24,4800,0.0,0.0,0.0,0.0
