,epoch,max,mean,min,std
0,0,0.06173416824488207,0.06161069753561071,0.06142035185897162,5.8611712691633985e-05
1,200,0.007907850019698027,0.0070341041337377355,0.0001938470958463269,0.0016057910070937792
2,400,0.005665034341017936,0.004319306059872509,0.0005538176200037023,0.0011114944066253447
3,600,0.0010238322392622022,0.0006245002112198063,2.4385682619695176e-05,0.0002441893591101776
4,800,5.2205704358722436e-05,1.9636483593679542e-05,1.5748928474803137e-05,8.388838687856599e-06
5,1000,0.0008319305015639759,0.00027852350947641226,1.139756314048253e-05,0.00020584044144533132
6,1200,0.0004116996786611038,0.00013952268595649348,1.437030391919537e-05,0.00012868802418325928
7,1400,0.000665836976281677,0.0002149856773985314,1.709432744291132e-05,0.00023387415005843965
8,1600,2.2425847608469675e-05,2.0530823852174616e-05,2.0105752298498678e-05,4.021478592241216e-07
9,1800,0.0007935955306838301,0.00026783646128507077,1.896397871663795e-05,0.0002650432137066667
10,2000,8.47909873220651e-05,5.03874886677014e-05,1.5436133301057044e-05,2.9581093509813764e-05
11,2200,0.0008858810239176767,0.0008305388858036557,5.586218026305172e-05,0.00015958999776714017
12,2400,0.00011478728504231515,6.976140468290924e-05,1.2364902387970437e-05,3.367693248396129e-05
13,2600,1.773344535102833e-05,1.694460107935694e-05,1.6308779624171136e-05,2.437660900414641e-07
14,2800,4.826538700689668e-05,3.9340272734608246e-05,1.295750447358803e-05,1.412499972399932e-05
15,3000,1.5709532421053627e-05,1.4951554720169353e-05,1.464465234169194e-05,2.2847069839022855e-07
16,3200,1.1460929082356737e-05,1.0739530380053256e-05,1.0325563292370932e-05,2.159161420204513e-07
17,3400,0.0004386074206976424,0.0004120140140781562,1.4796303416065044e-05,8.755049236163752e-05
18,3600,8.137421029898283e-06,7.143565390329456e-06,6.585786093667677e-06,3.372797903026616e-07
19,3800,1.5994085845425074e-05,1.4724151679553447e-05,1.3847000916076912e-05,4.635470315980837e-07
20,4000,9.000099676762499e-06,8.276852207840288e-06,7.608184886154898e-06,2.747403959480447e-07
21,4200,8.394682007395065e-06,7.72470227500344e-06,7.245788656784427e-06,2.481530866229138e-07
22,4400,8.617293443642284e-06,7.916107764819798e-06,7.475282536156558e-06,2.5099192875646374e-07
23,4600,4.3607871616329904e-05,2.4714110432359828e-05,7.637375938029533e-06,1.726901410197524e-05
24,4800,1.1808848448602389e-05,1.1261020215396739e-05,1.0910333632363619e-05,1.562821846679815e-07
