,epoch,max,mean,min,std
0,0,0.061473470403984314,0.06135176746921563,0.06117465448625259,5.589888793658457e-05
1,200,0.0060399407807840465,0.005135354317233597,0.00011133506020088103,0.0012989886720554808
2,400,0.001550258792806531,0.0011371265062086542,3.799350245588872e-05,0.00029765105024247285
3,600,0.0004209797578501923,0.00019506109149938447,1.1442719734402419e-05,0.00014302005191722442
4,800,0.0005418841324518628,0.00021496509285257203,7.268032540363695e-06,0.0001971677917316329
5,1000,0.00035774809912961903,0.00017390833448759885,8.29069023353273e-06,8.800576413325863e-05
6,1200,0.00011827705048261245,7.138380947326225e-05,8.217852841715457e-06,3.376898283386573e-05
7,1400,0.00030255755038530895,0.00012025778740888313,7.926848475355459e-06,0.00011743833035296542
8,1600,6.254798832012723e-05,5.524800570962303e-05,1.1155685178496918e-05,1.2515900316289876e-05
9,1800,0.00011622120646854723,6.278224856105158e-05,1.0679998325775592e-05,2.431505911851836e-05
10,2000,5.897843831971731e-05,4.8683297583464186e-05,8.795028761708243e-06,1.7252856526927374e-05
11,2200,0.00034432634258342327,0.00029231009397663257,1.3080180246654677e-05,9.879520868763796e-05
12,2400,0.00010796003091274142,9.324178950425267e-05,7.2416246708185694e-06,2.5259383783700606e-05
13,2600,9.599174279425465e-06,9.1139581556088e-06,8.883572794888954e-06,1.1641730179882762e-07
14,2800,8.566505759892918e-05,4.481500726432163e-05,1.0667571093048472e-05,2.2336961784166206e-05
15,3000,9.942131382602994e-06,8.841199383298575e-06,8.517142029893534e-06,3.402585242600809e-07
16,3200,6.576940320372333e-06,6.433997801933211e-06,6.296809782648563e-06,5.55513754778969e-08
17,3400,1.1588567118491504e-05,6.822119266051087e-06,6.328568266284528e-06,8.135758005453567e-07
18,3600,7.018452283094086e-06,5.826375161758987e-06,5.174389026753501e-06,4.6642662381317006e-07
19,3800,1.0787010607592436e-05,9.901991420894402e-06,9.5351395107899e-06,1.9406720823283776e-07
20,4000,6.584534740372238e-06,5.723876381828452e-06,5.066168541754854e-06,3.0621560388411116e-07
21,4200,7.023975497639474e-06,6.357073231352355e-06,5.962482702198197e-06,2.3460555928638302e-07
22,4400,0.0002985789373076314,2.5014536841782777e-05,5.746041732200901e-06,5.767654822481081e-05
23,4600,5.6720306572927356e-05,4.554362109712616e-05,5.200796896298626e-06,1.5319129118428924e-05
24,4800,8.836625471253176e-06,8.379061666258897e-06,7.990365442627393e-06,1.7574511545472237e-07
