,epoch,max,mean,min,std
0,0,116.0,116.0,116.0,0.0
1,200,25.333333333333332,22.09333333333334,1.3333333333333333,4.9369536265911105
2,400,15.0,12.426666666666668,0.0,2.83669604371784
3,600,11.0,8.233333333333333,0.0,2.829016319029167
4,800,2.0,1.843333333333333,0.0,0.523779003439852
5,1000,3.6666666666666665,2.0066666666666664,0.0,1.20275609423616
6,1200,1.6666666666666667,0.42999999999999994,0.0,0.4697398807377925
7,1400,4.666666666666667,2.6966666666666668,0.0,1.3720179785022255
8,1600,0.0,0.0,0.0,0.0
9,1800,7.0,3.9933333333333327,0.0,1.9798877633733574
10,2000,0.6666666666666666,0.17666666666666667,0.0,0.18532254165223516
11,2200,5.0,4.8933333333333335,0.0,0.6427026269330683
12,2400,0.3333333333333333,0.10000000000000002,0.0,0.15275252316519466
13,2600,4.666666666666667,2.726666666666667,0.0,1.8039339726768764
14,2800,0.3333333333333333,0.17333333333333328,0.0,0.1665332799572906
15,3000,0.0,0.0,0.0,0.0
16,3200,0.0,0.0,0.0,0.0
17,3400,3.6666666666666665,3.3866666666666676,0.0,0.8598707913272657
18,3600,0.0,0.0,0.0,0.0
19,3800,2.0,1.4466666666666665,0.0,0.8566342406314508
20,4000,0.0,0.0,0.0,0.0
21,4200,0.0,0.0,0.0,0.0
22,4400,0.0,0.0,0.0,0.0
23,4600,0.0,0.0,0.0,0.0
24,4800,0.0,0.0,0.0,0.0
