,epoch,max,mean,min,std
0,0,116.0,116.0,116.0,0.0
1,200,19.333333333333332,16.736666666666668,0.0,4.725649867125861
2,400,8.666666666666666,6.18,0.0,2.707364442076874
3,600,4.333333333333333,1.846666666666667,0.0,1.533637650960762
4,800,1.0,0.3566666666666667,0.0,0.21733231083604052
5,1000,4.0,2.206666666666666,0.0,1.3530048862521604
6,1200,0.0,0.0,0.0,0.0
7,1400,0.3333333333333333,0.1766666666666666,0.0,0.1663663961795704
8,1600,0.0,0.0,0.0,0.0
9,1800,2.0,1.0933333333333335,0.0,0.8629149565410382
10,2000,0.0,0.0,0.0,0.0
11,2200,0.0,0.0,0.0,0.0
12,2400,0.0,0.0,0.0,0.0
13,2600,0.0,0.0,0.0,0.0
14,2800,0.3333333333333333,0.03666666666666667,0.0,0.10429658564774674
15,3000,0.0,0.0,0.0,0.0
16,3200,0.0,0.0,0.0,0.0
17,3400,0.0,0.0,0.0,0.0
18,3600,0.0,0.0,0.0,0.0
19,3800,0.0,0.0,0.0,0.0
20,4000,0.0,0.0,0.0,0.0
21,4200,0.0,0.0,0.0,0.0
22,4400,0.0,0.0,0.0,0.0
23,4600,0.0,0.0,0.0,0.0
24,4800,0.0,0.0,0.0,0.0
