,epoch,max,mean,min,std
0,0,0.06370522588120216,0.06345084939771115,0.06320419479338575,0.00011871274974957092
1,200,0.008103538060104215,0.006174502268009601,0.00014382397839310013,0.001950581846436125
2,400,0.0015335807525624628,0.0007818019094347979,4.6210728300034606e-05,0.0003722847752077913
3,600,0.0019606650503338594,0.0012395326723281905,1.5825066410006267e-05,0.0006980942521090235
4,800,0.0007850205877557994,0.0002737014840794706,1.3309376037996896e-05,0.0002866790897841238
5,1000,0.001295103139294934,0.0005283325914243694,1.1311191143123917e-05,0.0004302431581378628
6,1200,0.0002749610519589099,0.00015367720595863617,1.2025376599441518e-05,6.177881916258736e-05
7,1400,0.0012920678511055838,0.0004780672704811771,1.475239333206049e-05,0.000367754703647567
8,1600,0.0006286192036727545,0.00030686033367595405,1.8202313605180632e-05,0.00015247755703262842
9,1800,0.0004673029124503832,0.00029592903130751204,1.5205384986238502e-05,0.00014461761554236002
10,2000,0.00021214934775653184,5.9086763245603244e-05,1.3564292819524324e-05,5.2729862685110125e-05
11,2200,0.0003791609890143421,0.0002227405262758699,1.62700374267354e-05,0.0001444966821852621
12,2400,0.0003112900061985578,0.00017403102417437564,1.1187743071084642e-05,9.307227220283993e-05
13,2600,1.8850241621703145e-05,1.474745540917892e-05,1.3978227456559964e-05,6.016881362095613e-07
14,2800,0.0003173012996048093,0.00022353878544882004,1.3432126663301485e-05,7.943996144306996e-05
15,3000,1.3858266618194118e-05,1.3139798838925546e-05,1.2830927578002878e-05,1.650608088301269e-07
16,3200,0.0003207456403040519,3.745624088415323e-05,9.392863899372384e-06,6.868552254916748e-05
17,3400,1.0101469781812506e-05,9.362985281258473e-06,8.804916302032794e-06,2.484200457841419e-07
18,3600,8.21487636448915e-06,7.263688046024511e-06,6.6550367423657915e-06,3.537743843322643e-07
19,3800,0.000121214498871444,1.9111564451488656e-05,1.2717592483616539e-05,1.4029208184724138e-05
20,4000,0.00011184220965074482,7.088938581968735e-05,7.832675553881684e-06,3.892364146450009e-05
21,4200,8.262651465815084e-06,7.777472644831353e-06,7.325631777765572e-06,1.7999914239971814e-07
22,4400,2.584946832763606e-05,8.422997957352875e-06,7.374104325826191e-06,2.679936166943825e-06
23,4600,0.00011031863725882512,4.309940446766942e-05,7.4626800611312055e-06,2.5490982413364087e-05
24,4800,1.1757208329955076e-05,1.0876367976384453e-05,1.0325698907013786e-05,2.0647277438372122e-07
