,epoch,max,mean,min,std
0,0,0.060471733240155645,0.06038830415213961,0.06032212798569328,4.2338044455936396e-05
1,200,0.004505920105971369,0.0038016916862642874,5.6000814939684595e-05,0.001154463081193802
2,400,0.0021967327198648486,0.0015451779062257084,2.568272192775589e-05,0.000701843328947798
3,600,0.0009847573418507675,0.0004332653223813034,1.0224718157564498e-05,0.00035371806161813767
4,800,0.00023851721870432626,8.663423995373247e-05,6.756404962223237e-06,5.0176980785787264e-05
5,1000,0.00038970663996935943,0.00016759722993530505,1.1243976949474835e-05,0.00010970688490147769
6,1200,1.0174478148334357e-05,7.615834803839417e-06,6.874264518760225e-06,5.461085057482942e-07
7,1400,3.92787783791244e-05,1.9608580672274122e-05,7.177018992987209e-06,1.0904516387444745e-05
8,1600,1.1506860718702318e-05,1.100832355734316e-05,1.0688561963712547e-05,1.5985253033913734e-07
9,1800,0.0004573010672715915,0.00025548469523556036,9.064670502579e-06,0.00019453327846477057
10,2000,1.0383616791408665e-05,8.854290463927782e-06,8.326551297203609e-06,3.208128729855325e-07
11,2200,1.1590399338701275e-05,8.855547924623922e-06,8.179482432974678e-06,4.7331063662947404e-07
12,2400,7.824443297979117e-06,7.204995667894551e-06,6.832787301837665e-06,1.7871935563512814e-07
13,2600,1.0070785106027962e-05,9.426067043393712e-06,9.146602610654897e-06,1.5406424415609963e-07
14,2800,3.171371373344973e-05,1.2918745182746205e-05,1.0217415830641512e-05,6.560936304359626e-06
15,3000,9.371806372959776e-06,8.804349850101482e-06,8.47887783681709e-06,1.5201348843087875e-07
16,3200,7.368632051446352e-06,5.908577057622295e-06,5.7371461703129e-06,2.146339776552813e-07
17,3400,7.446766949522299e-06,6.531042009191438e-06,6.1583443872307125e-06,2.3319347440017504e-07
18,3600,7.1029733979881355e-06,5.521791786561747e-06,4.862035311862302e-06,4.778336996439944e-07
19,3800,1.0688708010251005e-05,9.967936212713861e-06,9.433438012189772e-06,1.6932314774247363e-07
20,4000,5.819370371465719e-06,5.182462877708295e-06,4.417761741867855e-06,3.098465903821308e-07
21,4200,6.715657977992976e-06,6.1389669325078775e-06,5.619286613775911e-06,2.4561719086657794e-07
22,4400,6.650667268378404e-06,5.986091257909789e-06,5.479374029931507e-06,2.829611617153145e-07
23,4600,5.80374339185053e-06,5.069733936067397e-06,4.18569379225537e-06,3.070184732094871e-07
24,4800,8.803539291813031e-06,8.319662281984467e-06,7.828970740671368e-06,2.4339350106147353e-07
