,epoch,max,mean,min,std
0,0,98.0,98.0,98.0,0.0
1,200,21.666666666666668,18.69333333333334,0.0,4.100319770727915
2,400,7.666666666666667,5.493333333333332,0.0,1.4425902629182918
3,600,2.0,1.3,0.0,0.6420453428086075
4,800,2.0,0.9466666666666668,0.0,0.7655353972511294
5,1000,4.666666666666667,2.0933333333333333,0.0,1.1275144739154745
6,1200,1.3333333333333333,0.8266666666666664,0.0,0.4484045792213397
7,1400,1.3333333333333333,0.6233333333333334,0.0,0.4822516632077765
8,1600,0.6666666666666666,0.5966666666666667,0.0,0.17188497445804987
9,1800,1.3333333333333333,0.6999999999999998,0.0,0.334995854037363
10,2000,0.6666666666666666,0.5366666666666666,0.0,0.2398842313376276
11,2200,2.3333333333333335,2.003333333333334,0.0,0.6936137253543934
12,2400,1.3333333333333333,1.153333333333333,0.0,0.3413046862978721
13,2600,0.0,0.0,0.0,0.0
14,2800,1.0,0.44333333333333336,0.0,0.3093182467585412
15,3000,0.0,0.0,0.0,0.0
16,3200,0.0,0.0,0.0,0.0
17,3400,0.0,0.0,0.0,0.0
18,3600,0.0,0.0,0.0,0.0
19,3800,0.0,0.0,0.0,0.0
20,4000,0.0,0.0,0.0,0.0
21,4200,0.0,0.0,0.0,0.0
22,4400,1.3333333333333333,0.07666666666666666,0.0,0.2442903554743367
23,4600,0.6666666666666666,0.5266666666666666,0.0,0.20645150089602693
24,4800,0.0,0.0,0.0,0.0
