,epoch,max,mean,min,std
0,0,48.0,48.0,48.0,0.0
1,200,14.333333333333334,11.186666666666666,0.0,3.1430063456647503
2,400,5.0,3.033333333333334,0.0,1.2591884511682738
3,600,4.666666666666667,3.1033333333333335,0.0,1.4389000428568115
4,800,1.6666666666666667,0.7333333333333334,0.0,0.6342099196813483
5,1000,4.666666666666667,2.1866666666666665,0.0,1.4562661539399693
6,1200,1.6666666666666667,0.9200000000000002,0.0,0.4058461668059847
7,1400,2.3333333333333335,0.8399999999999999,0.0,0.6691287868066457
8,1600,2.3333333333333335,1.2666666666666666,0.0,0.6733003292241385
9,1800,2.6666666666666665,1.7533333333333332,0.0,0.8597415632360434
10,2000,1.3333333333333333,0.3033333333333333,0.0,0.356199070433624
11,2200,1.6666666666666667,0.8866666666666668,0.0,0.6345952340753207
12,2400,2.0,1.09,0.0,0.6197759451787576
13,2600,0.0,0.0,0.0,0.0
14,2800,2.0,1.3899999999999997,0.0,0.5165161070953053
15,3000,0.0,0.0,0.0,0.0
16,3200,0.3333333333333333,0.04666666666666666,0.0,0.11566234381931645
17,3400,0.0,0.0,0.0,0.0
18,3600,0.0,0.0,0.0,0.0
19,3800,0.6666666666666666,0.01,0.0,0.07386173268720111
20,4000,0.6666666666666666,0.41,0.0,0.26606181403743173
21,4200,0.0,0.0,0.0,0.0
22,4400,0.0,0.0,0.0,0.0
23,4600,0.6666666666666666,0.23,0.0,0.16796163583125498
24,4800,0.0,0.0,0.0,0.0
