,epoch,max,mean,min,std
0,0,0.06058654142484881,0.060497009147122895,0.060408864951209236,3.521253946104858e-05
1,200,0.0006065826330532213,0.00035874089101871695,7.453978323355486e-05,0.00013797289388645678
2,400,1.137154208088464e-05,7.731479192984383e-06,6.528929654650531e-06,7.688310663010358e-07
3,600,7.485445158455539e-06,6.746771693426825e-06,5.921181108609022e-06,3.4787545274009004e-07
4,800,9.376811726869397e-06,8.584669052806305e-06,7.838865393652013e-06,3.3000747970799375e-07
5,1000,8.805526567925644e-06,7.362163056943911e-06,6.98296747893057e-06,2.2923324539523782e-07
6,1200,9.244155178411233e-06,8.522990241848373e-06,7.929261029030347e-06,2.740224778740368e-07
7,1400,7.771202162782324e-06,6.93325064230485e-06,6.384067788335378e-06,3.1869184884837564e-07
8,1600,1.0192584659135983e-05,8.97754145231077e-06,8.412744182640375e-06,2.964159343006839e-07
9,1800,8.419304540988509e-06,8.134811549892286e-06,7.888449497446037e-06,1.0069399035974093e-07
10,2000,0.0004544436510987838,0.0003071106579886857,6.426687232627256e-05,8.716611950574484e-05
11,2200,5.905085345685114e-06,5.461028420082628e-06,5.069021072481279e-06,1.729929243079312e-07
12,2400,1.116077149814174e-05,1.043082788671024e-05,1.0194110323868108e-05,1.902666329478972e-07
13,2600,8.920027706071535e-06,8.438938320426208e-06,8.158873571214978e-06,1.495569877248687e-07
14,2800,8.315864472150516e-06,7.866002392242299e-06,7.499938973410713e-06,1.828635805392962e-07
15,3000,7.466450632540597e-06,7.106664561249335e-06,6.700566937014456e-06,1.755491193731259e-07
16,3200,8.000509572020528e-06,7.690209199148067e-06,7.3063321189042065e-06,1.5094957145450514e-07
17,3400,7.619627371645825e-06,7.486314787352849e-06,7.343634621604633e-06,6.287568394536974e-08
18,3600,7.674627585238887e-06,7.416160908807966e-06,7.122947218102927e-06,1.1607111511467663e-07
19,3800,8.081522369296301e-06,7.879045300037225e-06,7.575688227360661e-06,1.3731040101468475e-07
20,4000,8.218527062241016e-06,7.928331899208483e-06,7.772193844858203e-06,8.888267098273077e-08
21,4200,8.44569854085425e-06,8.295164253065059e-06,8.140489311192884e-06,6.857868106224297e-08
22,4400,8.452945448331835e-06,8.32473697540018e-06,8.182216241616472e-06,5.063021877597588e-08
23,4600,6.655025844760562e-06,6.433034760745255e-06,6.120432922624387e-06,1.1989018719607387e-07
24,4800,8.16543392956311e-06,7.663261382984565e-06,6.942308513819471e-06,2.514879280711441e-07
