,epoch,max,mean,min,std
0,0,0.05978943812819245,0.05972850126401323,0.05964450814094702,3.153189593089719e-05
1,200,0.0006997870172033956,0.00043259448975668704,7.756975339155269e-05,0.00015056880211377805
2,400,6.358787523724086e-05,4.845374565948385e-05,7.329522222832489e-06,2.0636439717618708e-05
3,600,8.453860847171111e-06,7.170759262310587e-06,6.1572777259051766e-06,4.748861070231604e-07
4,800,9.095326583792558e-06,8.580359812770422e-06,7.925446867200039e-06,2.831288497137617e-07
5,1000,7.447684956335474e-06,7.041743712735638e-06,6.681648694336121e-06,1.7817623391248847e-07
6,1200,9.092732953747946e-06,8.345071797782293e-06,7.757318613719996e-06,2.914029965091427e-07
7,1400,7.796528197335579e-06,6.89090886899422e-06,6.367895742174864e-06,2.9412076635317676e-07
8,1600,2.0389136046575492e-05,9.242365573680454e-06,8.307931015543472e-06,1.4907482414005178e-06
9,1800,8.355684321658946e-06,8.143378920195529e-06,7.967402647333442e-06,7.981838222976273e-08
10,2000,0.0003930595985670957,0.00026847697619352757,7.108605969620962e-06,8.418646459318154e-05
11,2200,5.722158144303472e-06,5.360468806258886e-06,4.991669870562604e-06,1.700788058340814e-07
12,2400,1.126604236465828e-05,1.0697838285641053e-05,1.0444319339936409e-05,1.7107519057837558e-07
13,2600,8.656545406833757e-06,8.395595711051306e-06,8.018207282913166e-06,1.3731850071630103e-07
14,2800,8.483992725630556e-06,7.974345184696971e-06,7.6133721462441185e-06,1.709793360324476e-07
15,3000,7.719787261309752e-06,7.214346740874996e-06,6.799124878709652e-06,1.7888233714794646e-07
16,3200,7.927811647534829e-06,7.581644422474872e-06,7.204417714798337e-06,1.4387730424170575e-07
17,3400,7.724821954925761e-06,7.543106131341424e-06,7.3768178295283245e-06,8.119688990439646e-08
18,3600,7.79347686787133e-06,7.518015049156917e-06,7.158037506941775e-06,1.287249521866499e-07
19,3800,8.267348333668978e-06,7.995850954760989e-06,7.675314134368344e-06,1.3525536732194122e-07
20,4000,8.237063888736321e-06,7.967034962133002e-06,7.80270713950068e-06,8.926568806009077e-08
21,4200,8.470719442461077e-06,8.323825390722737e-06,8.124774964452011e-06,6.822802066051392e-08
22,4400,8.298624460677518e-06,8.158582932083508e-06,8.035142161439737e-06,5.729918592577364e-08
23,4600,6.832308086633346e-06,6.561144065469324e-06,6.305877470814034e-06,1.2203599718378438e-07
24,4800,8.176418715634401e-06,7.6729730018369e-06,7.092510206697057e-06,2.5858039838539945e-07
