,epoch,max,mean,min,std
0,0,223.0,223.0,223.0,0.0
1,200,97.0,65.51333333333334,41.0,11.499992270528804
2,400,12.666666666666666,6.0,1.3333333333333333,2.7844808013942806
3,600,21.0,9.99,2.0,4.473242671709193
4,800,12.333333333333334,6.826666666666666,3.3333333333333335,2.1042179861728525
5,1000,4.0,2.62,1.3333333333333333,0.6650313275828942
6,1200,9.0,4.57,1.3333333333333333,1.877524966545052
7,1400,20.666666666666668,10.273333333333333,4.333333333333333,4.361034535774995
8,1600,22.0,13.643333333333333,5.333333333333333,3.9030628998262378
9,1800,12.0,6.113333333333333,2.0,2.0785785741436116
10,2000,51.666666666666664,32.32333333333334,3.6666666666666665,12.425552078054498
11,2200,23.666666666666668,9.07,3.0,5.05641396863649
12,2400,65.33333333333333,51.63666666666667,35.666666666666664,5.910648582572531
13,2600,11.0,5.613333333333332,2.6666666666666665,2.074029893709346
14,2800,28.0,9.173333333333334,1.3333333333333333,4.964872159034466
15,3000,31.666666666666668,24.639999999999997,17.666666666666668,3.254630888783277
16,3200,42.333333333333336,18.07,2.3333333333333335,9.524039175802576
17,3400,30.333333333333332,14.870000000000003,4.0,6.462523586890117
18,3600,5.0,2.4033333333333333,1.0,0.8004096173557359
19,3800,10.333333333333334,4.093333333333333,1.0,2.1515265898116778
20,4000,12.666666666666666,5.543333333333334,2.0,2.6798237918854957
21,4200,9.0,6.406666666666666,2.6666666666666665,1.226177438673176
22,4400,21.666666666666668,16.766666666666666,8.333333333333334,3.1956567747838975
23,4600,18.0,4.506666666666667,1.0,3.658621476883214
24,4800,14.666666666666666,6.616666666666666,1.3333333333333333,3.454586323522206
