,epoch,max,mean,min,std
0,0,223.0,223.0,223.0,0.0
1,200,90.33333333333333,74.78666666666666,55.666666666666664,8.167349631306353
2,400,7.0,3.756666666666667,1.6666666666666667,1.0591978096654089
3,600,18.0,6.67,3.0,3.0643088762213395
4,800,23.666666666666668,14.8,1.3333333333333333,4.634172585862071
5,1000,12.333333333333334,6.730000000000001,2.0,2.404484236680383
6,1200,10.0,6.093333333333333,3.0,1.8397342803302388
7,1400,24.0,17.233333333333334,12.666666666666666,2.400231470319292
8,1600,37.333333333333336,28.893333333333334,16.0,4.552137471073952
9,1800,10.0,4.91,1.0,2.1806497502655793
10,2000,71.66666666666667,52.40333333333333,30.0,11.096976064576232
11,2200,11.0,4.816666666666667,1.0,2.106273697525772
12,2400,56.666666666666664,46.723333333333336,22.666666666666668,6.26100009760599
13,2600,18.666666666666668,12.136666666666665,5.0,3.326357701083207
14,2800,33.666666666666664,16.013333333333332,8.0,4.987967744705474
15,3000,33.666666666666664,20.88,12.666666666666666,4.181844356527658
16,3200,58.666666666666664,33.279999999999994,10.666666666666666,11.010370868715851
17,3400,38.0,27.65666666666667,14.0,5.4728532067124025
18,3600,14.333333333333334,8.996666666666666,3.0,2.8049539508994914
19,3800,13.333333333333334,7.563333333333333,2.3333333333333335,2.317419541933081
20,4000,18.0,10.15,1.6666666666666667,3.7822318514043767
21,4200,6.333333333333333,4.126666666666667,2.3333333333333335,0.8243246393934317
22,4400,34.666666666666664,28.64666666666666,20.666666666666668,3.4279310248473656
23,4600,15.666666666666666,4.796666666666668,1.0,3.6429215991807697
24,4800,23.333333333333332,10.866666666666667,3.3333333333333335,4.669998810373391
