,epoch,max,mean,min,std
0,0,223.0,223.0,223.0,0.0
1,200,89.33333333333333,77.26,65.33333333333333,5.160228246459216
2,400,6.666666666666667,3.61,1.3333333333333333,1.1255171650796307
3,600,17.666666666666668,8.406666666666668,2.3333333333333335,3.9349092888033788
4,800,29.666666666666668,18.20333333333333,5.666666666666667,5.662134462079355
5,1000,15.0,9.073333333333334,2.6666666666666665,2.9107387378464598
6,1200,8.0,3.3466666666666676,1.6666666666666667,1.5591450648779712
7,1400,25.666666666666668,17.186666666666667,10.0,4.022249232567382
8,1600,46.333333333333336,34.85999999999999,18.333333333333332,6.0033657226592485
9,1800,3.6666666666666665,2.453333333333333,1.3333333333333333,0.44100894422776604
10,2000,84.66666666666667,58.94333333333334,29.666666666666668,12.098030601897337
11,2200,12.333333333333334,6.523333333333333,3.0,2.0161872708434383
12,2400,62.333333333333336,46.58,22.333333333333332,8.239555004165375
13,2600,21.0,15.123333333333333,8.0,2.809371222652262
14,2800,26.333333333333332,14.506666666666668,3.3333333333333335,4.831029335912218
15,3000,33.666666666666664,21.853333333333335,14.0,4.93205388814392
16,3200,65.0,39.19,16.333333333333332,11.342178411183237
17,3400,46.333333333333336,32.17333333333333,15.0,7.036489023495864
18,3600,14.666666666666666,9.103333333333333,3.6666666666666665,2.5702118373567746
19,3800,15.666666666666666,9.093333333333332,5.0,2.586323001225227
20,4000,13.666666666666666,8.04,3.3333333333333335,2.444622215758046
21,4200,8.333333333333334,5.713333333333334,1.3333333333333333,1.5499247293551603
22,4400,40.333333333333336,32.93666666666667,22.333333333333332,3.29298749871096
23,4600,5.333333333333333,2.4000000000000004,1.0,0.9955456348712051
24,4800,27.0,12.9,2.3333333333333335,5.579426493825329
