,epoch,max,mean,min,std
0,0,0.05986811215771711,0.05977703839487865,0.05969418340320878,3.173988144664592e-05
1,200,0.0004556063601911353,0.0003875582056351953,0.0001332462941603657,7.781034379682593e-05
2,400,7.914950293843028e-05,4.542956463631206e-05,6.3946711582236384e-06,2.3400218140144992e-05
3,600,1.694006578666325e-05,6.735050774122285e-06,5.805154305731006e-06,1.1015344102672637e-06
4,800,3.1252250355479876e-05,8.997616148856058e-06,8.014164271373037e-06,2.2723386347924535e-06
5,1000,7.5545577708207465e-06,7.1515992017722105e-06,6.764416006053836e-06,1.8533112353887154e-07
6,1200,5.523760702538095e-05,8.897309032545479e-06,7.740154885483605e-06,4.668093472765339e-06
7,1400,7.862589480236539e-06,6.9856671426740615e-06,6.27551674264477e-06,3.671123543718178e-07
8,1600,9.84557221581443e-06,8.958923002752298e-06,8.44806332118904e-06,2.805812933565532e-07
9,1800,8.343402720565349e-06,8.15191730286886e-06,7.996161427533976e-06,8.208706542238581e-08
10,2000,0.0004348364182274217,0.00024237460256433727,0.00010400837895070882,7.914100150980296e-05
11,2200,5.774335878142106e-06,5.410870666349328e-06,5.039118043731654e-06,1.7055527533606233e-07
12,2400,1.1169925486534483e-05,1.0471628738641422e-05,1.0241558497037159e-05,1.8514312658821347e-07
13,2600,3.1903251496677104e-05,8.621952484697582e-06,8.120121687019033e-06,2.3445771674541353e-06
14,2800,9.288475738879428e-06,7.880895168524925e-06,7.483919493723415e-06,2.2531355600327426e-07
15,3000,7.3749107486131705e-06,7.021289125672055e-06,6.737945722951489e-06,1.5481006661356263e-07
16,3200,7.925752000146462e-06,7.6006374227250815e-06,7.207926743682222e-06,1.7127154882736453e-07
17,3400,3.813162519909924e-05,7.748020450010069e-06,7.2117409055125316e-06,3.0549052156216427e-06
18,3600,7.67577183378798e-06,7.462709702617428e-06,7.241567651025551e-06,1.0565289181808369e-07
19,3800,8.173825085589792e-06,7.962480090075244e-06,7.525036158254149e-06,1.3327247170272544e-07
20,4000,1.834100742693591e-05,8.004621238473602e-06,7.74488444615319e-06,1.0421416527545753e-06
21,4200,2.4703258209601928e-05,8.450151193374952e-06,8.08632821320249e-06,1.6350593907071712e-06
22,4400,8.348666263891176e-06,8.211537229270794e-06,8.040100571819142e-06,7.084696813114396e-08
23,4600,6.780435485741136e-06,6.524884354613304e-06,6.240045037622891e-06,1.2299291581491362e-07
24,4800,8.343555287038562e-06,7.80559522283859e-06,7.196713107901111e-06,2.5496482873918373e-07
