,epoch,max,mean,min,std
0,0,0.061072310939626395,0.06097318853783343,0.0608911390918023,3.5503133570272405e-05
1,200,0.0009098937069381129,0.0004009675986952515,6.7417598847818e-05,0.00020694751608830991
2,400,6.932300153176739e-05,2.553356920110092e-05,7.886923832713913e-06,8.705148900578295e-06
3,600,3.317054490641572e-05,8.287764016281893e-06,6.077943159834739e-06,4.924958939278658e-06
4,800,3.136629379420614e-05,1.2135281454629783e-05,7.990211335078694e-06,7.864905769787776e-06
5,1000,4.736517700762222e-05,9.574291481298401e-06,7.190457882499404e-06,6.6421960042737314e-06
6,1200,5.250948963463381e-05,1.0994499215808325e-05,8.106390704429918e-06,9.261995529885272e-06
7,1400,8.804382319376552e-06,7.223663975394079e-06,6.484761660655546e-06,5.162769068631548e-07
8,1600,1.3567355046593802e-05,9.720084003100149e-06,8.592848904267587e-06,1.4714906703336059e-06
9,1800,8.229221972013208e-05,1.6293891848678467e-05,7.911563318137712e-06,1.6886087492259366e-05
10,2000,0.00011974400871459698,4.177065597480823e-05,7.896840653472717e-06,2.9223161101798142e-05
11,2200,1.784692090343763e-05,7.189676742156557e-06,5.266823505001129e-06,2.8427517395727227e-06
12,2400,1.3020938222783665e-05,1.0980460048943324e-05,1.0264290901545803e-05,8.461202356828977e-07
13,2600,4.6389285561719235e-05,9.874485088152907e-06,8.254990449338777e-06,5.6620176598740465e-06
14,2800,1.6429120667874992e-05,8.378316795127635e-06,7.475528337696734e-06,1.5401997761503525e-06
15,3000,8.395275321457558e-06,7.134627707292067e-06,6.614519446122675e-06,3.055496699502836e-07
16,3200,5.74576017770943e-05,1.2578232273301477e-05,7.380860841068453e-06,1.4714816167170863e-05
17,3400,7.809435320969346e-05,1.5191253516657205e-05,7.306103269194387e-06,1.6831030110437556e-05
18,3600,9.112261462319132e-06,7.523283932309307e-06,7.012107675314133e-06,5.142167179170125e-07
19,3800,8.019656664408682e-06,7.829010362314858e-06,7.4233506038581e-06,1.1318420892974978e-07
20,4000,1.216084473004888e-05,8.52173156844437e-06,7.73061948090783e-06,1.477700418067579e-06
21,4200,5.40684138579179e-05,1.1644395012907125e-05,8.177257831237068e-06,8.846029437473736e-06
22,4400,1.0062445457485826e-05,8.684027968485868e-06,8.371551234873033e-06,3.5242704757276317e-07
23,4600,2.251576011668284e-05,7.241229716287385e-06,6.172152957043384e-06,2.9013192030275713e-06
24,4800,1.5536530516345974e-05,7.869393944941808e-06,6.900581583395884e-06,1.4337589148494874e-06
