,epoch,max,mean,min,std
0,0,223.0,223.0,223.0,0.0
1,200,93.0,81.74333333333333,68.0,5.4481097639456575
2,400,4.333333333333333,2.8833333333333324,1.3333333333333333,0.6400954789890506
3,600,23.0,11.11,3.0,5.267943937945176
4,800,30.333333333333332,20.856666666666666,4.666666666666667,5.862546848900703
5,1000,15.333333333333334,8.076666666666666,2.0,2.9679229549748536
6,1200,13.0,6.92,1.6666666666666667,2.4590513075845597
7,1400,28.333333333333332,18.923333333333336,10.333333333333334,3.999681931798522
8,1600,54.666666666666664,43.09333333333334,28.333333333333332,5.724815377906182
9,1800,10.666666666666666,5.06,2.0,2.09781897323016
10,2000,82.33333333333333,67.31333333333333,49.666666666666664,7.814632997709418
11,2200,9.666666666666666,5.476666666666665,3.6666666666666665,1.0179008901765545
12,2400,62.0,49.80999999999999,22.333333333333332,8.68091841019396
13,2600,28.333333333333332,15.586666666666666,7.333333333333333,4.5110038301419735
14,2800,28.666666666666668,15.373333333333335,6.666666666666667,5.5293720760639316
15,3000,26.666666666666668,17.466666666666665,12.0,2.9013406862651925
16,3200,73.0,44.32333333333334,21.666666666666668,12.358124183440355
17,3400,40.666666666666664,30.613333333333333,7.333333333333333,7.903546320762879
18,3600,13.333333333333334,8.646666666666668,1.6666666666666667,2.654480489034844
19,3800,15.333333333333334,9.213333333333335,3.3333333333333335,2.319252753223187
20,4000,19.0,9.176666666666666,2.3333333333333335,3.6646827966414772
21,4200,7.333333333333333,4.413333333333333,2.3333333333333335,1.0253671429189535
22,4400,47.0,33.593333333333334,14.333333333333334,7.0421871602507125
23,4600,4.333333333333333,2.1733333333333333,1.0,0.7385872400137381
24,4800,25.666666666666668,13.763333333333332,6.666666666666667,4.585555824785282
