,epoch,max,mean,min,std
0,0,0.06047085675228697,0.060387119972171874,0.06031903190470087,3.5740770815662885e-05
1,200,0.0006117229789519295,0.00039014835640138415,0.0001215105759079231,0.00012031282037484436
2,400,1.449183159102421e-05,7.871515381751827e-06,6.56257056199386e-06,1.0599082889651856e-06
3,600,3.950060416323392e-05,7.064819391809012e-06,5.82048723628885e-06,3.2932780510000754e-06
4,800,9.371319333833752e-06,8.677923783892641e-06,7.95763839304785e-06,3.125790523331028e-07
5,1000,7.639308446690221e-06,7.317037708329519e-06,6.924076820270591e-06,1.6600499962828918e-07
6,1200,9.47643763387708e-06,8.494934030256983e-06,7.98304071083771e-06,2.775627430021811e-07
7,1400,7.990440184788511e-06,7.14040158547079e-06,6.338221563135057e-06,3.6574204853535585e-07
8,1600,9.721611956329371e-06,9.051662059159174e-06,8.528847268754996e-06,2.864750139419795e-07
9,1800,8.384137968913053e-06,8.156587362613892e-06,7.978082300458309e-06,9.922382093121234e-08
10,2000,0.00016902839567199432,0.00016686796363425547,0.00016462502212213862,9.754529525063093e-07
11,2200,5.89356657695758e-06,5.4969196829058415e-06,5.149728736810628e-06,1.7994150856429367e-07
12,2400,1.190262597413693e-05,1.0509103641456583e-05,1.0231641676278355e-05,2.9492706871104727e-07
13,2600,8.871664134063211e-06,8.424597834776612e-06,8.241106900276448e-06,1.2318845271644448e-07
14,2800,8.224019455276665e-06,7.782331887003166e-06,7.424952551826831e-06,1.8559032288495245e-07
15,3000,7.580417788030244e-06,7.072349310094408e-06,6.526030891659495e-06,2.2876758311856698e-07
16,3200,7.970530260034297e-06,7.607228294367855e-06,7.337226829729713e-06,1.427230015156322e-07
17,3400,2.299336946107419e-05,7.655003722621944e-06,7.332115852877097e-06,1.5440044813183273e-06
18,3600,7.556922551155539e-06,7.397572972544136e-06,7.132940322098338e-06,9.942057099337655e-08
19,3800,8.063900941640274e-06,7.857690570781688e-06,7.459661424482646e-06,1.3436394847994152e-07
20,4000,8.347522015342084e-06,7.939749974063698e-06,7.733518243898867e-06,1.1265727213795837e-07
21,4200,8.426246315519671e-06,8.300160805062767e-06,8.177181548000462e-06,5.787259709792795e-08
22,4400,8.49772370821967e-06,8.335694299506294e-06,8.189768282040484e-06,6.572302776303445e-08
23,4600,6.713687653710721e-06,6.435680263390759e-06,6.111660350414675e-06,1.151667641139315e-07
24,4800,8.037049242354893e-06,7.586209211353385e-06,6.9749577390869185e-06,2.4271481251938876e-07
