,epoch,max,mean,min,std
0,0,223.0,223.0,223.0,0.0
1,200,89.66666666666667,70.71333333333334,56.666666666666664,6.8821863451151115
2,400,6.0,3.3,2.0,0.7923242882669809
3,600,20.666666666666668,8.736666666666665,2.0,4.126956101858447
4,800,13.666666666666666,9.266666666666667,5.0,2.117650689902479
5,1000,8.0,3.936666666666666,1.3333333333333333,1.3837910889212208
6,1200,6.0,3.196666666666667,1.3333333333333333,1.0562985689030666
7,1400,15.666666666666666,10.496666666666664,6.0,2.093638512786346
8,1600,29.666666666666668,19.05333333333333,11.333333333333334,4.533019596986833
9,1800,5.0,2.88,1.0,0.8007218965131124
10,2000,76.0,49.54666666666665,24.333333333333332,10.893884115002836
11,2200,14.0,5.469999999999999,1.6666666666666667,2.1674844610490034
12,2400,61.666666666666664,44.540000000000006,26.666666666666668,7.768423263442846
13,2600,11.333333333333334,7.22,3.6666666666666665,2.0408168299319107
14,2800,27.333333333333332,7.940000000000001,1.3333333333333333,5.418154667412145
15,3000,26.333333333333332,17.133333333333336,10.333333333333334,3.435112807463533
16,3200,54.333333333333336,27.97333333333334,7.333333333333333,12.058254894930323
17,3400,23.666666666666668,15.083333333333336,7.0,3.6791831822958865
18,3600,6.666666666666667,3.7833333333333337,1.0,1.2141526537740908
19,3800,10.0,4.76,2.0,1.8031330757569974
20,4000,13.333333333333334,5.02,1.3333333333333333,2.044407004488099
21,4200,9.0,6.663333333333332,4.0,1.217004519301387
22,4400,24.333333333333332,14.596666666666668,8.666666666666666,3.0938271875892918
23,4600,7.666666666666667,3.246666666666667,1.0,1.6876150166564778
24,4800,11.333333333333334,5.153333333333333,1.6666666666666667,1.7959336785576963
