,epoch,mean
0,0,0.5
1,200,0.9162431782691408
2,400,0.9670253513232722
3,600,0.9776591002296589
4,800,0.9465773796580297
5,1000,0.9765502378608923
6,1200,0.991
7,1400,0.9806622922134733
8,1600,0.9866631944444445
9,1800,0.9527058590332458
10,2000,0.9983085766622921
11,2200,0.9991536458333332
12,2400,0.9946640826873385
13,2600,0.9705563415901138
14,2800,0.9999947916666666
15,3000,0.988451388888889
16,3200,0.9926872126085983
17,3400,0.9999973958333332
18,3600,0.9972890826873386
19,3800,0.9926687855424322
20,4000,1.0
21,4200,1.0
22,4400,1.0
23,4600,1.0
24,4800,1.0
