,epoch,mean
0,0,0.5
1,200,0.9701821286560952
2,400,0.9858747989788753
3,600,0.987483623079808
4,800,0.9895411198705055
5,1000,0.9910055865802431
6,1200,0.9960089483274452
7,1400,0.99173751347146
8,1600,0.9934594327166999
9,1800,0.9951258277207162
10,2000,0.9952977763943713
11,2200,0.998623659305994
12,2400,0.9989356574289908
13,2600,0.9943398412766251
14,2800,0.9997255140326637
15,3000,0.9980784221077442
16,3200,0.9979175614195003
17,3400,0.999680056980057
18,3600,0.9974261772789179
19,3800,0.9989411865052376
20,4000,0.9999763514898862
21,4200,0.9999912280701755
22,4400,1.0
23,4600,0.9999956140350877
24,4800,1.0
