,epoch,mean
0,0,
1,200,0.8988090517147178
2,400,0.9994666666666667
3,600,0.9996345679012346
4,800,0.9998419753086419
5,1000,0.9997086419753086
6,1200,0.9990518518518519
7,1400,0.9993086419753087
8,1600,0.9993679012345679
9,1800,0.9994271604938272
10,2000,0.9998666666666667
11,2200,0.9993925925925926
12,2400,0.9989086419753087
13,2600,0.9997925925925926
14,2800,0.9995604938271605
15,3000,0.9998765432098765
16,3200,0.9994172839506172
17,3400,0.9996938271604938
18,3600,0.9994005698005699
19,3800,0.9996098765432099
20,4000,0.9999753086419753
21,4200,0.9999753086419753
22,4400,0.9995753086419753
23,4600,1.0
24,4800,0.9993086419753087
