,epoch,mean
0,0,0.0
1,200,0.9104444444444444
2,400,0.9621111111111113
3,600,0.9695555555555556
4,800,0.896
5,1000,0.9533333333333334
6,1200,1.0
7,1400,0.9893333333333334
8,1600,0.9853333333333334
9,1800,0.9704444444444444
10,2000,0.9892222222222222
11,2200,0.9983333333333333
12,2400,0.9996666666666667
13,2600,0.9636666666666668
14,2800,0.9995555555555555
15,3000,0.9866666666666667
16,3200,0.9837777777777778
17,3400,0.9997777777777779
18,3600,0.9943333333333334
19,3800,0.9814444444444445
20,4000,1.0
21,4200,1.0
22,4400,1.0
23,4600,1.0
24,4800,1.0
