,epoch,mean
0,0,0.0
1,200,0.08533333333333332
2,400,0.42866666666666664
3,600,0.38366666666666666
4,800,0.6013333333333333
5,1000,0.711
6,1200,0.958
7,1400,0.8583333333333333
8,1600,0.8603333333333333
9,1800,0.8633333333333333
10,2000,0.8086666666666666
11,2200,0.9803333333333334
12,2400,0.9743333333333333
13,2600,0.8206666666666667
14,2800,0.971
15,3000,0.9073333333333331
16,3200,0.9203333333333332
17,3400,0.9973333333333333
18,3600,0.9333333333333332
19,3800,0.9716666666666666
20,4000,0.9993333333333334
21,4200,1.0
22,4400,0.9973333333333333
23,4600,1.0
24,4800,0.9956666666666667
