,epoch,mean
0,0,0.5
1,200,0.9275372818732194
2,400,0.9999895833333332
3,600,0.9999892971611721
4,800,0.9999945468304843
5,1000,0.9999919426638176
6,1200,0.9999731824888074
7,1400,0.9999841301638176
8,1600,0.9999840888278388
9,1800,0.99998404749186
10,2000,0.9999973958333332
11,2200,0.9999869378306878
12,2400,0.9999763176638177
13,2600,0.9999888488247863
14,2800,0.9999866516585266
15,3000,0.9999916564916563
16,3200,0.9999838853276354
17,3400,0.9999833543192918
18,3600,0.9998436323514448
19,3800,0.9999864481583232
20,4000,0.999997150997151
21,4200,0.999997150997151
22,4400,0.999989338497151
23,4600,1.0
24,4800,0.9999841301638177
