,epoch,mean
0,0,0.0
1,200,0.9996825396825396
2,400,0.9991111111111111
3,600,0.9993746031746031
4,800,0.9997301587301588
5,1000,0.9995079365079365
6,1200,0.9983904761904762
7,1400,0.9988412698412699
8,1600,0.9989301587301587
9,1800,0.9990190476190476
10,2000,0.9997777777777779
11,2200,0.9989777777777777
12,2400,0.9981746031746032
13,2600,0.9996349206349208
14,2800,0.9992412698412698
15,3000,0.9997714285714286
16,3200,0.999015873015873
17,3400,0.9994539682539683
18,3600,0.9992380952380951
19,3800,0.9993269841269842
20,4000,0.9999523809523809
21,4200,0.9999523809523809
22,4400,0.9992857142857142
23,4600,1.0
24,4800,0.9988412698412699
