,epoch,mean
0,0,
1,200,0.8797111111111112
2,400,0.9211703703703704
3,600,0.9127111111111111
4,800,0.9405185185185185
5,1000,0.9084703703703704
6,1200,0.9506444444444446
7,1400,0.9070148148148148
8,1600,0.9545111111111111
9,1800,0.9889777777777777
10,2000,0.9656888888888888
11,2200,0.9827407407407408
12,2400,0.9923333333333334
13,2600,0.9736222222222223
14,2800,0.9996444444444443
15,3000,0.9982962962962963
16,3200,0.9816444444444444
17,3400,0.992848148148148
18,3600,0.9708582010582011
19,3800,0.9997333333333334
20,4000,0.9997777777777779
21,4200,0.9994666666666667
22,4400,0.9995111111111111
23,4600,1.0
24,4800,0.9984444444444445
