,epoch,mean
0,0,
1,200,0.9744169893619015
2,400,0.9886138216939487
3,600,0.989667598145161
4,800,0.991533259871848
5,1000,0.9926345055907434
6,1200,0.9967007007002219
7,1400,0.9931380097044534
8,1600,0.9945535704378974
9,1800,0.9958947895101404
10,2000,0.9962756589579901
11,2200,0.9989078005721096
12,2400,0.9992011556844539
13,2600,0.9952634128280909
14,2800,0.9997327617129695
15,3000,0.9982245014848286
16,3200,0.9980394179861571
17,3400,0.9997726887192535
18,3600,0.9980646802442557
19,3800,0.9991600078173172
20,4000,0.9999761821984825
21,4200,0.999991169977925
22,4400,1.0
23,4600,0.9999955849889625
24,4800,1.0
