,epoch,mean
0,0,
1,200,0.895
2,400,0.9623
3,600,0.960488888888889
4,800,0.8976666666666666
5,1000,0.9596
6,1200,0.9881333333333333
7,1400,0.9702666666666666
8,1600,0.9778666666666667
9,1800,0.9397333333333333
10,2000,0.9923174603174603
11,2200,0.9983333333333333
12,2400,0.9926666666666667
13,2600,0.9505999999999999
14,2800,0.9997333333333334
15,3000,0.9809333333333334
16,3200,0.9845111111111111
17,3400,0.9998666666666667
18,3600,0.9944444444444445
19,3800,0.9898539682539682
20,4000,1.0
21,4200,1.0
22,4400,1.0
23,4600,1.0
24,4800,1.0
