,epoch,mean
0,0,0.0
1,200,0.891
2,400,0.9042222222222221
3,600,0.9061777777777779
4,800,0.9139555555555556
5,1000,0.8683555555555557
6,1200,0.9196222222222222
7,1400,0.8710888888888889
8,1600,0.9336000000000001
9,1800,0.9827777777777778
10,2000,0.9566666666666668
11,2200,0.9703555555555556
12,2400,0.9893333333333333
13,2600,0.9592666666666667
14,2800,1.0
15,3000,0.9978222222222222
16,3200,0.9782222222222222
17,3400,0.9920333333333333
18,3600,0.954088888888889
19,3800,1.0
20,4000,1.0
21,4200,1.0
22,4400,1.0
23,4600,1.0
24,4800,1.0
