,epoch,mean
0,0,0.0
1,200,0.8341111111111111
2,400,0.9347777777777778
3,600,0.956
4,800,0.8952222222222221
5,1000,0.954
6,1200,0.982
7,1400,0.9615555555555556
8,1600,0.9735555555555556
9,1800,0.9057777777777778
10,2000,0.9968888888888889
11,2200,0.9983333333333333
12,2400,0.9893333333333333
13,2600,0.9418888888888889
14,2800,1.0
15,3000,0.9771111111111112
16,3200,0.9856666666666666
17,3400,1.0
18,3600,0.9946666666666667
19,3800,0.9857777777777779
20,4000,1.0
21,4200,1.0
22,4400,1.0
23,4600,1.0
24,4800,1.0
