,epoch,mean
0,0,0.07716069084750442
1,200,0.0008050153535950999
2,400,0.0004738167066578601
3,600,0.00044255659986132883
4,800,0.0004157564487031615
5,1000,0.0003016987052317156
6,1200,0.00011076405011879059
7,1400,0.0002568475940548836
8,1600,0.0001947108805620455
9,1800,0.00022193644469418406
10,2000,0.0001496286314599579
11,2200,4.3742208552266225e-05
12,2400,4.467449192782526e-05
13,2600,0.00022030887344446747
14,2800,2.1654635396642317e-05
15,3000,8.86442921033002e-05
16,3200,9.064424031519763e-05
17,3400,2.2598043224663757e-05
18,3600,8.415077935179435e-05
19,3800,5.906522553784377e-05
20,4000,1.1498593637555577e-05
21,4200,1.3054035101555284e-05
22,4400,9.43017866238166e-06
23,4600,1.009641525120187e-05
24,4800,1.2791104013249343e-05
