,epoch,mean
0,0,0.0
1,200,0.882
2,400,0.9457555555555555
3,600,0.9228444444444445
4,800,0.9820333333333333
5,1000,0.9946666666666667
6,1200,0.9993333333333333
7,1400,0.9773333333333334
8,1600,0.985111111111111
9,1800,1.0
10,2000,0.9773111111111111
11,2200,1.0
12,2400,0.9983333333333333
13,2600,0.9941333333333333
14,2800,0.9994444444444445
15,3000,0.9992222222222221
16,3200,0.9874444444444445
17,3400,0.9939444444444443
18,3600,0.9993333333333333
19,3800,0.9995555555555555
20,4000,0.9996666666666666
21,4200,0.9991111111111111
22,4400,0.9992222222222221
23,4600,1.0
24,4800,0.9974444444444445
