,epoch,mean
0,0,0.5
1,200,0.5426666666666667
2,400,0.7142325581395348
3,600,0.6917803617571059
4,800,0.8006666666666667
5,1000,0.855328165374677
6,1200,0.9788966408268734
7,1400,0.9287532299741601
8,1600,0.9301317829457364
9,1800,0.9311731266149871
10,2000,0.9043333333333332
11,2200,0.9901072351421187
12,2400,0.9871330749354006
13,2600,0.9102015503875969
14,2800,0.9855
15,3000,0.9536640826873386
16,3200,0.9600878552971576
17,3400,0.9986666666666667
18,3600,0.9665930232558141
19,3800,0.9858333333333335
20,4000,0.9996589147286822
21,4200,1.0
22,4400,0.9986666666666667
23,4600,1.0
24,4800,0.9978333333333332
