,epoch,mean
0,0,0.5
1,200,0.9439524270013123
2,400,0.9513545756780402
3,600,0.952115363800637
4,800,0.9567882525153106
5,1000,0.9341361312984496
6,1200,0.9598059229651165
7,1400,0.9353668484798776
8,1600,0.9666828326873386
9,1800,0.9913888888888889
10,2000,0.9780096993110238
11,2200,0.9851777777777778
12,2400,0.9946536458333334
13,2600,0.9795403951873385
14,2800,0.9999948118540051
15,3000,0.998903277787951
16,3200,0.9890095687984497
17,3400,0.9959214699074074
18,3600,0.9770365492724868
19,3800,0.9999947916666666
20,4000,0.9999974160206718
21,4200,0.9999895833333333
22,4400,0.9999922076873385
23,4600,1.0
24,4800,0.9999713743540052
