,epoch,mean
0,0,0.0
1,200,0.9926945228941536
2,400,0.9955061663883368
3,600,0.9943205327793758
4,800,0.9962982211061494
5,1000,0.9978028916183721
6,1200,0.9997467389092389
7,1400,0.9978813243368525
8,1600,0.9974742232978976
9,1800,0.9980940459623292
10,2000,0.998568650120368
11,2200,0.9997992261904762
12,2400,0.9999022222222222
13,2600,0.9976473953199629
14,2800,0.9999906103286385
15,3000,0.9988883689341883
16,3200,0.9986313946454357
17,3400,1.0
18,3600,0.9996627907797663
19,3800,0.9995438596491228
20,4000,0.9999527029797722
21,4200,0.9999824561403509
22,4400,1.0
23,4600,0.9999912280701755
24,4800,1.0
