,epoch,mean
0,0,0.0
1,200,0.9576972644535917
2,400,0.9819023262611807
3,600,0.985092430638214
4,800,0.9868682575635346
5,1000,0.9875901606595449
6,1200,0.9937122028799474
7,1400,0.9885042724127356
8,1600,0.9916886871947841
9,1800,0.9937409006770092
10,2000,0.9940314899943137
11,2200,0.9980295163301489
12,2400,0.9985133387080756
13,2600,0.99292098284292
14,2800,0.9994789314232976
15,3000,0.9975752296563264
16,3200,0.9974579065656434
17,3400,0.9995483405483405
18,3600,0.9965087029668089
19,3800,0.9987813070129296
20,4000,1.0
21,4200,1.0
22,4400,1.0
23,4600,1.0
24,4800,1.0
