,epoch,mean
0,0,
1,200,0.7406650928056628
2,400,0.874502981104762
3,600,0.9861792326282225
4,800,0.9735900808720818
5,1000,0.9750740309431053
6,1200,0.9787424550172507
7,1400,0.9773428089606684
8,1600,0.9796684695980202
9,1800,0.9714806087833856
10,2000,0.9811935817775309
11,2200,0.9573332544648732
12,2400,0.9772051209825187
13,2600,0.9796367238527075
14,2800,0.9807718407550419
15,3000,0.9784877949817141
16,3200,0.9764540733593395
17,3400,0.9759101232225669
18,3600,0.9874354802578023
19,3800,0.9859318792579673
20,4000,0.9844987295744035
21,4200,0.975456928839562
22,4400,0.9439052783368017
23,4600,0.9886748202459219
24,4800,0.9853303531649755
