,epoch,mean
0,0,
1,200,0.9842666666666666
2,400,0.9889333333333334
3,600,0.9926666666666666
4,800,0.9870666666666668
5,1000,0.9957333333333334
6,1200,0.9836
7,1400,0.9918666666666667
8,1600,1.0
9,1800,0.9705333333333335
10,2000,0.9986666666666667
11,2200,0.9938666666666667
12,2400,0.9693333333333333
13,2600,0.9918666666666667
14,2800,0.992
15,3000,0.9938666666666667
16,3200,0.982
17,3400,0.9985333333333333
18,3600,0.9797333333333332
19,3800,0.9797333333333333
20,4000,0.9853333333333334
21,4200,0.9866666666666667
22,4400,0.9770666666666666
23,4600,0.9905333333333333
24,4800,0.9733333333333333
