,epoch,mean
0,0,0.0
1,200,0.9876405844156172
2,400,0.9807133090943079
3,600,0.9941784186104323
4,800,0.9893444642111804
5,1000,0.9925946965027422
6,1200,0.9870955462484633
7,1400,0.9866294852522283
8,1600,0.9909771302008619
9,1800,0.9877724361625743
10,2000,0.9920953524803569
11,2200,0.989160457344885
12,2400,0.9815318078942198
13,2600,0.9881064645345818
14,2800,0.9939709793312077
15,3000,0.9891117359387314
16,3200,0.9808699191174085
17,3400,0.9896914161865352
18,3600,0.9964120974549767
19,3800,0.9938449216929303
20,4000,0.9857683518149336
21,4200,0.9800433361596351
22,4400,0.9933237649613742
23,4600,0.9959552243186133
24,4800,0.9909686077891435
