,epoch,mean
0,0,0.0
1,200,0.009111111111111111
2,400,0.028666666666666663
3,600,0.7530000000000001
4,800,0.7341111111111112
5,1000,0.5837777777777778
6,1200,0.7023333333333333
7,1400,0.5948888888888889
8,1600,0.6844444444444444
9,1800,0.6915555555555556
10,2000,0.6643333333333333
11,2200,0.6731111111111111
12,2400,0.5598888888888889
13,2600,0.6214444444444444
14,2800,0.6318888888888889
15,3000,0.6645555555555555
16,3200,0.6638888888888888
17,3400,0.6281111111111111
18,3600,0.7252222222222222
19,3800,0.7493333333333333
20,4000,0.7297777777777779
21,4200,0.7186666666666667
22,4400,0.7143333333333333
23,4600,0.8003333333333332
24,4800,0.6847777777777778
