,epoch,mean
0,0,0.040800729223897964
1,200,0.009916993771099673
2,400,0.004453904816906717
3,600,0.00038688245236128364
4,800,0.0007098327672494332
5,1000,0.0004830337170615926
6,1200,0.0005340668153794135
7,1400,0.0005212492192468032
8,1600,0.0004748319772852101
9,1800,0.0007003727385714773
10,2000,0.00038790101246655406
11,2200,0.0014484970049744525
12,2400,0.0005421375027274729
13,2600,0.00041823892061749947
14,2800,0.0004592169838960711
15,3000,0.0003937191468446614
16,3200,0.0005042032705739142
17,3400,0.0004817902917236651
18,3600,0.00031917784422315386
19,3800,0.00036389875629474014
20,4000,0.0003346191648730327
21,4200,0.0004626973359833478
22,4400,0.0022631464921700475
23,4600,0.00025322580717784804
24,4800,0.00036292750594071145
