,epoch,mean
0,0,0.0
1,200,0.6102698412698413
2,400,0.9998333333333334
3,600,0.9995
4,800,0.9936428571428572
5,1000,0.9930238095238095
6,1200,0.9961666666666668
7,1400,0.9908452380952381
8,1600,1.0
9,1800,1.0
10,2000,0.9973452380952381
11,2200,0.9941587301587301
12,2400,0.9924047619047619
13,2600,1.0
14,2800,0.9793333333333334
15,3000,1.0
16,3200,0.9993333333333334
17,3400,1.0
18,3600,0.999904761904762
19,3800,0.9953333333333333
20,4000,0.9974285714285714
21,4200,0.99
22,4400,1.0
23,4600,1.0
24,4800,0.9997777777777779
