,epoch,mean
0,0,0.0
1,200,0.9737777777777779
2,400,0.9815555555555555
3,600,0.9877777777777779
4,800,0.9784444444444444
5,1000,0.9928888888888889
6,1200,0.9726666666666667
7,1400,0.9864444444444445
8,1600,1.0
9,1800,0.9508888888888889
10,2000,0.9977777777777779
11,2200,0.9897777777777779
12,2400,0.9488888888888889
13,2600,0.9864444444444445
14,2800,0.9866666666666666
15,3000,0.9897777777777779
16,3200,0.97
17,3400,0.9975555555555555
18,3600,0.9662222222222222
19,3800,0.9662222222222222
20,4000,0.9755555555555555
21,4200,0.9777777777777779
22,4400,0.9617777777777778
23,4600,0.9842222222222222
24,4800,0.9555555555555555
