,epoch,mean
0,0,0.0
1,200,0.7341666666666666
2,400,0.9888333333333333
3,600,1.0
4,800,1.0
5,1000,0.9975238095238095
6,1200,0.9892777777777778
7,1400,0.9999166666666667
8,1600,0.993
9,1800,0.9968333333333332
10,2000,0.9908730158730159
11,2200,1.0
12,2400,0.9803333333333333
13,2600,0.9956666666666667
14,2800,0.9940595238095239
15,3000,0.99125
16,3200,1.0
17,3400,0.9865
18,3600,1.0
19,3800,0.9963333333333334
20,4000,1.0
21,4200,0.9845833333333334
22,4400,0.9996547619047619
23,4600,0.9993333333333334
24,4800,0.9958333333333333
