,epoch,mean
0,0,
1,200,
2,400,0.9931809523809525
3,600,0.9997333333333334
4,800,0.9965792429792429
5,1000,0.9951238095238095
6,1200,0.9919301587301588
7,1400,0.9950700854700855
8,1600,0.9962666666666666
9,1800,0.9983111111111111
10,2000,0.9938217338217338
11,2200,0.9968438228438229
12,2400,0.984120634920635
13,2600,0.9975873015873016
14,2800,0.9833352869352869
15,3000,0.9952063492063492
16,3200,0.9996410256410256
17,3400,0.9927999999999999
18,3600,0.999948717948718
19,3800,0.9955555555555555
20,4000,0.9986153846153847
21,4200,0.9838974358974361
22,4400,0.9998153846153846
23,4600,0.9996444444444443
24,4800,0.9976444444444446
