,epoch,mean
0,0,0.5
1,200,0.9996415525114155
2,400,0.9996452991452992
3,600,0.9997649572649573
4,800,0.99958547008547
5,1000,0.9998632478632479
6,1200,0.999474358974359
7,1400,0.9997393162393163
8,1600,1.0
9,1800,0.9991793700971784
10,2000,0.999957264957265
11,2200,0.9998034188034188
12,2400,0.999017094017094
13,2600,0.9997393162393163
14,2800,0.9997435897435897
15,3000,0.9998034188034188
16,3200,0.9994230769230769
17,3400,0.9999529914529914
18,3600,0.9995347734457323
19,3800,0.9993504273504273
20,4000,0.9995299145299146
21,4200,0.9995726495726497
22,4400,0.9992649572649572
23,4600,0.9996965811965813
24,4800,0.999145299145299
