,epoch,mean
0,0,0.0
1,200,0.01
2,400,0.030666666666666665
3,600,0.7867777777777778
4,800,0.7912222222222223
5,1000,0.6551111111111111
6,1200,0.7203333333333334
7,1400,0.6787777777777778
8,1600,0.7597777777777778
9,1800,0.7141111111111111
10,2000,0.7304444444444445
11,2200,0.726
12,2400,0.623
13,2600,0.6617777777777778
14,2800,0.7112222222222222
15,3000,0.758
16,3200,0.6557777777777777
17,3400,0.6922222222222224
18,3600,0.7681111111111111
19,3800,0.8165555555555555
20,4000,0.7133333333333335
21,4200,0.6993333333333333
22,4400,0.7202222222222222
23,4600,0.8428888888888889
24,4800,0.7322222222222223
