,epoch,mean
0,0,0.5
1,200,0.5045555555555555
2,400,0.5143333333333333
3,600,0.876491160285681
4,800,0.8670216920913122
5,1000,0.7912789233444003
6,1200,0.8505666112751963
7,1400,0.7973145378632371
8,1600,0.8421168084007093
9,1800,0.8455291143177407
10,2000,0.8318379953379954
11,2200,0.8362829947829948
12,2400,0.7796759859679793
13,2600,0.8106109709345853
14,2800,0.8159184924524877
15,3000,0.831529377999153
16,3200,0.8302525760778342
17,3400,0.8136476438186253
18,3600,0.8626068376068375
19,3800,0.8743289556574715
20,4000,0.8637509770489369
21,4200,0.8574415842088172
22,4400,0.8571636225266362
23,4600,0.899865680812143
24,4800,0.8419088462819768
