,epoch,mean
0,0,0.5
1,200,0.8048513912863824
2,400,0.9998077980969373
3,600,0.99975
4,800,0.9968214285714285
5,1000,0.9964714063195372
6,1200,0.9978973059216375
7,1400,0.9954210614152202
8,1600,0.9998691588785047
9,1800,0.9999408099688474
10,2000,0.9985347257823333
11,2200,0.997079365079365
12,2400,0.9959197497687362
13,2600,0.9999192349489242
14,2800,0.9895576976019707
15,3000,0.999836738390205
16,3200,0.9996666666666667
17,3400,0.9997476635514019
18,3600,0.9999523809523809
19,3800,0.9975981308411215
20,4000,0.9987142857142858
21,4200,0.9948975651746189
22,4400,0.9999937767152068
23,4600,0.9999875389408099
24,4800,0.9998110072689512
