,epoch,mean
0,0,0.0
1,200,0.6159112857149239
2,400,0.8101717279793836
3,600,0.9785178622855595
4,800,0.958899998773958
5,1000,0.9592188736759695
6,1200,0.9709166430999308
7,1400,0.9684628997964182
8,1600,0.9691064205930365
9,1800,0.9561744770362695
10,2000,0.9708921637643404
11,2200,0.9310809624373678
12,2400,0.9730517640027426
13,2600,0.971831063363857
14,2800,0.9683485357619538
15,3000,0.9685693105939039
16,3200,0.9722722458220141
17,3400,0.9631457526300345
18,3600,0.9789023876715189
19,3800,0.9783641624522481
20,4000,0.9834935844619754
21,4200,0.9713235505348063
22,4400,0.9090636928682098
23,4600,0.9817316448106168
24,4800,0.9800390466726965
