,epoch,mean
0,0,0.5
1,200,0.8316395103792991
2,400,0.9376009267376193
3,600,0.9915025396157444
4,800,0.9846224396882485
5,1000,0.9865949720540964
6,1200,0.9868447131400812
7,1400,0.9855234675387968
8,1600,0.9876789751756954
9,1800,0.9831594758362573
10,2000,0.9890765358180977
11,2200,0.9814097992562079
12,2400,0.9838991648288647
13,2600,0.9872931971819162
14,2800,0.9888955534918846
15,3000,0.9874554707974742
16,3200,0.983597862495054
17,3400,0.9858192598358837
18,3600,0.9928624208566528
19,3800,0.9916516048456046
20,4000,0.9886289998873742
21,4200,0.9831501267900443
22,4400,0.9775667519200872
23,4600,0.9937499445324293
24,4800,0.9901216128699112
