,epoch,mean
0,0,0.5
1,200,0.7293333333333333
2,400,0.8546666666666668
3,600,0.5866666666666667
4,800,0.9623333333333334
5,1000,0.9736666666666668
6,1200,0.9743333333333334
7,1400,0.9735250544662309
8,1600,0.9093333333333333
9,1800,0.9546666666666668
10,2000,1.0
11,2200,0.9586666666666668
12,2400,0.9456666666666667
13,2600,0.9835991285403051
14,2800,0.967
15,3000,0.9589978213507625
16,3200,0.9593311546840958
17,3400,0.987
18,3600,0.9636644880174292
19,3800,0.9536666666666668
20,4000,0.9724880174291939
21,4200,0.9996644880174292
22,4400,0.9936252723311547
23,4600,0.9786666666666668
24,4800,0.9703267973856209
