,epoch,mean
0,0,0.0
1,200,0.4586666666666666
2,400,0.7093333333333333
3,600,0.17333333333333337
4,800,0.9246666666666666
5,1000,0.9473333333333332
6,1200,0.9486666666666667
7,1400,0.9473333333333334
8,1600,0.8186666666666665
9,1800,0.9093333333333332
10,2000,1.0
11,2200,0.9173333333333332
12,2400,0.8913333333333334
13,2600,0.9673333333333334
14,2800,0.934
15,3000,0.918
16,3200,0.9186666666666667
17,3400,0.974
18,3600,0.9273333333333332
19,3800,0.9073333333333332
20,4000,0.9453333333333332
21,4200,0.9993333333333334
22,4400,0.9873333333333333
23,4600,0.9573333333333333
24,4800,0.9406666666666667
