,epoch,mean
0,0,0.5428571428571429
1,200,0.9551613312480448
2,400,0.9774801940769906
3,600,0.9475811111929775
4,800,0.9691219776330433
5,1000,0.9742681257262882
6,1200,0.974489623041115
7,1400,0.9830781473365848
8,1600,0.977007410242429
9,1800,0.9747664157301599
10,2000,0.975594506081019
11,2200,0.9775365667273077
12,2400,0.9752340937395132
13,2600,0.9767784380309462
14,2800,0.9763448099203468
15,3000,0.9684716708597336
16,3200,0.9772331440286188
17,3400,0.977109404400514
18,3600,0.9782139411571869
19,3800,0.9779439881827448
20,4000,0.9775740197851293
21,4200,0.9800854015530264
22,4400,0.9782260085806475
23,4600,0.9767734818263561
24,4800,0.9781252429410583
