,epoch,mean
0,0,1.0
1,200,0.9950295765616011
2,400,0.9969969530782598
3,600,0.9971755515211531
4,800,0.9976340975018575
5,1000,0.993824617289185
6,1200,0.9973543984350535
7,1400,0.9965046003331995
8,1600,0.9970407894996935
9,1800,0.9980875003304448
10,2000,0.9966095787690156
11,2200,0.998249146606375
12,2400,0.9975638604424347
13,2600,0.9974090526222458
14,2800,0.9971539455516688
15,3000,0.9964862416589176
16,3200,0.9982233430883574
17,3400,0.9970046762392034
18,3600,0.9984748858447489
19,3800,0.9992736572622483
20,4000,0.9971506849315069
21,4200,0.9990506631876495
22,4400,0.9980390227800611
23,4600,0.9970812565329812
24,4800,0.9986802700276548
