,epoch,mean
0,0,0.701346417646618
1,200,0.9746469811096902
2,400,0.9871013862284992
3,600,0.971700159917209
4,800,0.9831357305716605
5,1000,0.9839188347981365
6,1200,0.9857615456161559
7,1400,0.989726879199356
8,1600,0.9868998004962668
9,1800,0.9862578214918897
10,2000,0.985968806951698
11,2200,0.9877620364649228
12,2400,0.9862496406475694
13,2600,0.9869642524506038
14,2800,0.9866155624757812
15,3000,0.9822482699197597
16,3200,0.9875963468791683
17,3400,0.986933908344514
18,3600,0.9882123310913404
19,3800,0.9884735415981468
20,4000,0.9872395698257606
21,4200,0.9894494142077247
22,4400,0.988007667140197
23,4600,0.9868014253524992
24,4800,0.9882654998669391
