,epoch,mean
0,0,0.5
1,200,0.9703214146544803
2,400,0.9858873404629386
3,600,0.9667054530396735
4,800,0.9810230543538782
5,1000,0.9824449456319841
6,1200,0.984584921131635
7,1400,0.9888756794120381
8,1600,0.9856936592903257
9,1800,0.9850567030780072
10,2000,0.9847645685121685
11,2200,0.9867923958953058
12,2400,0.9850016604244757
13,2600,0.9860986293233428
14,2800,0.9857842073088882
15,3000,0.9802523603680526
16,3200,0.9865672281934204
17,3400,0.9862343053504642
18,3600,0.9876449307788058
19,3800,0.9872477158963541
20,4000,0.9867551239605582
21,4200,0.9889316396966404
22,4400,0.9874365845359767
23,4600,0.9859508799218863
24,4800,0.9876727156077537
