,epoch,mean
0,0,0.07189439519221434
1,200,0.0013244186854539798
2,400,0.0012077501509298511
3,600,0.0013346935188097819
4,800,0.001188380421782498
5,1000,0.0013254715794180619
6,1200,0.001147741426790562
7,1400,0.001117432753414299
8,1600,0.0011402231276348923
9,1800,0.0010682826756053978
10,2000,0.0011304736291347596
11,2200,0.001018669629452098
12,2400,0.0010659354238823674
13,2600,0.0010467358499589184
14,2800,0.0010610495767806034
15,3000,0.0011765558181918046
16,3200,0.0010119726476607678
17,3400,0.0010584028522718258
18,3600,0.0009911703324229277
19,3800,0.0009677193249571565
20,4000,0.0010395763389927177
21,4200,0.0009299926040212085
22,4400,0.0010127346178875592
23,4600,0.0010573906397417356
24,4800,0.0009720331148026651
