,epoch,mean
0,0,0.5
1,200,0.9145521200423874
2,400,0.9574934203872028
3,600,0.9434552147805776
4,800,0.9210404374918036
5,1000,0.981851243913086
6,1200,0.9339795985460692
7,1400,0.9785966790919658
8,1600,0.9999193930772878
9,1800,0.9979978570675938
10,2000,0.993729855224592
11,2200,0.9935373333860175
12,2400,0.9845831700765564
13,2600,0.9993445143900291
14,2800,0.9992663793824785
15,3000,0.9785967770654969
16,3200,0.9994440493124703
17,3400,0.9996274509803922
18,3600,0.9993333333333333
19,3800,1.0
20,4000,1.0
21,4200,1.0
22,4400,1.0
23,4600,1.0
24,4800,0.9998164642375168
