,epoch,mean
0,0,0.5
1,200,0.8801066011866794
2,400,0.8902869625382611
3,600,0.7699973161780292
4,800,0.9533305016078747
5,1000,0.9517777443706741
6,1200,0.9590488198796028
7,1400,0.8116441544527523
8,1600,0.9844805630834086
9,1800,0.9845925930186975
10,2000,0.9631490286980807
11,2200,0.9848403441791231
12,2400,0.8199993700640118
13,2600,0.9617714543812105
14,2800,0.9744753387533874
15,3000,0.9145465039514127
16,3200,0.9807711231556759
17,3400,0.9786102830472748
18,3600,0.9849923563338198
19,3800,0.9851900030111412
20,4000,0.9852122854561878
21,4200,0.9851978319783198
22,4400,0.9851972297500753
23,4600,0.985218307738633
24,4800,0.9838468232460102
