,epoch,mean
0,0,0.0
1,200,0.8053782051282051
2,400,0.7221128815628816
3,600,0.6033142857142857
4,800,0.5016981276721215
5,1000,0.7564809523809525
6,1200,0.5792985449735449
7,1400,0.7595824175824175
8,1600,0.8392380952380952
9,1800,0.8294253968253967
10,2000,0.8310190476190475
11,2200,0.8349
12,2400,0.6479904761904761
13,2600,0.8324205128205129
14,2800,0.8385142857142858
15,3000,0.8154157509157509
16,3200,0.8387809523809524
17,3400,0.8394666666666667
18,3600,0.8328
19,3800,0.8396952380952379
20,4000,0.8382857142857142
21,4200,0.8392000000000001
22,4400,0.8392380952380952
23,4600,0.8379047619047619
24,4800,0.8382095238095237
