,epoch,mean
0,0,0.0
1,200,0.7684333333333334
2,400,0.8140666666666667
3,600,0.5727333333333333
4,800,0.9754111111111111
5,1000,0.9381222222222223
6,1200,0.9787777777777779
7,1400,0.6531111111111111
8,1600,0.9985666666666666
9,1800,0.9995
10,2000,0.9562666666666666
11,2200,0.9996666666666666
12,2400,0.6706333333333333
13,2600,0.9531111111111111
14,2800,0.9785333333333334
15,3000,0.8589777777777777
16,3200,0.9911333333333333
17,3400,0.9868333333333333
18,3600,1.0
19,3800,1.0
20,4000,1.0
21,4200,1.0
22,4400,1.0
23,4600,1.0
24,4800,0.9972666666666666
