,epoch,mean
0,0,0.04567242723815016
1,200,0.0079816363217037
2,400,0.0044733677709428
3,600,0.004666213511592
4,800,0.002619619720386339
5,1000,0.0028705973495643717
6,1200,0.0031430393093620896
7,1400,0.002663998853564665
8,1600,0.0018409110097561176
9,1800,0.0018786649996236694
10,2000,0.0021479813212866845
11,2200,0.00220631231074129
12,2400,0.002425403299199128
13,2600,0.001852164151506645
14,2800,0.0018771988025057516
15,3000,0.0026586454047486823
16,3200,0.001867197684702058
17,3400,0.001852622418168429
18,3600,0.001848620468674035
19,3800,0.0018629629300594601
20,4000,0.001840783964704255
21,4200,0.0018377984877611174
22,4400,0.0018705887609364734
23,4600,0.0018648370518868401
24,4800,0.0018795792813712264
