,epoch,mean
0,0,0.5
1,200,0.7690831671398185
2,400,0.8057229317560423
3,600,0.8053797927773771
4,800,0.9413587694427384
5,1000,0.9570033044954799
6,1200,0.8905171640328512
7,1400,0.9518554882039898
8,1600,1.0
9,1800,0.999117924528302
10,2000,0.9763388566360266
11,2200,0.98109461709212
12,2400,0.9746825512014191
13,2600,0.9997351233671988
14,2800,0.9993251633986929
15,3000,0.9344729559748428
16,3200,0.9999230769230769
17,3400,0.9997735849056604
18,3600,0.9997735849056604
19,3800,0.9994343251088535
20,4000,1.0
21,4200,1.0
22,4400,0.9992726038810945
23,4600,0.9996792452830189
24,4800,0.999538824383164
