,epoch,mean
0,0,
1,200,
2,400,
3,600,
4,800,0.9262714285714285
5,1000,0.943237037037037
6,1200,
7,1400,0.9228550264550265
8,1600,1.0
9,1800,0.9916190476190477
10,2000,0.9687763347763348
11,2200,0.9593112073112072
12,2400,0.9490079365079365
13,2600,0.9961269841269841
14,2800,0.9931717171717171
15,3000,0.9738333333333332
16,3200,0.9991111111111111
17,3400,0.9965714285714286
18,3600,0.9965714285714286
19,3800,0.9925608465608465
20,4000,1.0
21,4200,1.0
22,4400,0.988042328042328
23,4600,0.9951428571428571
24,4800,0.9946031746031746
