,epoch,mean
0,0,0.0
1,200,0.5572111111111111
2,400,0.7397111111111111
3,600,0.6272888888888889
4,800,0.9020444444444443
5,1000,0.9280888888888889
6,1200,0.8493555555555555
7,1400,0.9531777777777778
8,1600,1.0
9,1800,0.9858
10,2000,0.9931555555555556
11,2200,0.9539333333333334
12,2400,0.9454666666666667
13,2600,0.9932000000000001
14,2800,0.9875777777777778
15,3000,0.8866666666666667
16,3200,0.9984
17,3400,0.994
18,3600,0.994
19,3800,0.9867999999999999
20,4000,1.0
21,4200,1.0
22,4400,0.9793666666666666
23,4600,0.9915
24,4800,0.9903
