,epoch,mean
0,0,
1,200,
2,400,0.7544885514439695
3,600,
4,800,0.623815046831294
5,1000,0.7862169312169313
6,1200,0.6839436668594564
7,1400,0.6918247389865037
8,1600,0.8647407407407408
9,1800,0.8593682539682541
10,2000,0.8344325156325156
11,2200,0.8633253968253969
12,2400,
13,2600,0.8376065359477125
14,2800,0.8505211640211642
15,3000,0.7801188141923436
16,3200,0.859925925925926
17,3400,0.857111111111111
18,3600,0.8605
19,3800,0.8662222222222223
20,4000,0.8641666666666667
21,4200,0.8655
22,4400,0.8655555555555555
23,4600,0.8636111111111111
24,4800,0.862528282828283
