,epoch,mean
0,0,
1,200,0.837835911604711
2,400,0.9144781390969529
3,600,0.8998298543051985
4,800,0.9034719717780938
5,1000,0.9754653662431058
6,1200,0.9130208760744786
7,1400,0.9549773844928336
8,1600,0.9998443058443058
9,1800,0.9977228797419615
10,2000,0.9879711537208155
11,2200,0.9906589868063552
12,2400,0.9672069213966275
13,2600,0.9979003646892811
14,2800,0.9974522848640496
15,3000,0.9594971348709413
16,3200,0.9988778008778009
17,3400,0.9985098039215686
18,3600,0.9993142857142857
19,3800,1.0
20,4000,1.0
21,4200,1.0
22,4400,1.0
23,4600,1.0
24,4800,0.999619591019591
