,epoch,mean
0,0,0.0
1,200,0.7632191086226809
2,400,0.8667854417319132
3,600,0.8552275324116513
4,800,0.9779496724524286
5,1000,0.9737829608606496
6,1200,0.9483408553579303
7,1400,0.9231290336733357
8,1600,0.9996964912280701
9,1800,0.9993125313283208
10,2000,0.9787732781668708
11,2200,0.9888382066276803
12,2400,0.9462676485900743
13,2600,0.9958925120772947
14,2800,0.995164522417154
15,3000,0.9437701731271525
16,3200,0.9978140350877193
17,3400,0.9971851851851852
18,3600,1.0
19,3800,1.0
20,4000,1.0
21,4200,1.0
22,4400,1.0
23,4600,1.0
24,4800,0.999261208576998
