,epoch,mean
0,0,
1,200,0.9094222222222222
2,400,0.909088888888889
3,600,0.8218111111111112
4,800,0.8910666666666667
5,1000,0.8309821067821067
6,1200,0.8942857142857144
7,1400,1.0
8,1600,0.9543666666666667
9,1800,0.8289222222222222
10,2000,1.0
11,2200,0.9053333333333334
12,2400,1.0
13,2600,0.9045777777777778
14,2800,0.9111777777777778
15,3000,1.0
16,3200,1.0
17,3400,1.0
18,3600,0.9125666666666667
19,3800,0.941377777777778
20,4000,1.0
21,4200,1.0
22,4400,1.0
23,4600,0.9877333333333334
24,4800,0.9071444444444444
