,epoch,mean
0,0,0.5
1,200,0.9352942212572596
2,400,0.9355747141107115
3,600,0.8617730829420971
4,800,0.9881009410224608
5,1000,0.9909822682124593
6,1200,0.9957384215808547
7,1400,1.0
8,1600,0.9400242882105047
9,1800,0.868
10,2000,1.0
11,2200,0.9263333333333333
12,2400,1.0
13,2600,0.9123333333333332
14,2800,0.9335555555555557
15,3000,1.0
16,3200,1.0
17,3400,1.0
18,3600,0.9190555555555556
19,3800,0.9522222222222223
20,4000,1.0
21,4200,1.0
22,4400,1.0
23,4600,0.9899444444444444
24,4800,0.9301666666666667
