,epoch,mean
0,0,0.0
1,200,0.8322512316427391
2,400,0.9228930696786783
3,600,0.9435104714088679
4,800,0.8586508757124106
5,1000,0.9937999999999999
6,1200,1.0
7,1400,1.0
8,1600,0.9733439588189589
9,1800,0.9653883396277408
10,2000,1.0
11,2200,0.982447446629029
12,2400,1.0
13,2600,0.9744253094188673
14,2800,0.9824302676552609
15,3000,1.0
16,3200,0.9999512195121951
17,3400,1.0
18,3600,0.97746205793375
19,3800,0.9878883634883635
20,4000,0.9892463798384851
21,4200,1.0
22,4400,1.0
23,4600,0.9956227106227107
24,4800,0.9802287241326001
