,epoch,mean
0,0,
1,200,0.8979639916277827
2,400,0.9533566275796527
3,600,0.9695605138239105
4,800,0.9097633790611994
5,1000,0.9692611625322156
6,1200,0.9875255576319107
7,1400,1.0
8,1600,0.9850942233598399
9,1800,0.9815527594921388
10,2000,1.0
11,2200,0.9908589996428602
12,2400,1.0
13,2600,0.9864575262913823
14,2800,0.9907855351814241
15,3000,1.0
16,3200,0.9999106622213031
17,3400,1.0
18,3600,0.9880461311028264
19,3800,0.9937593318944102
20,4000,0.9945331622907875
21,4200,1.0
22,4400,1.0
23,4600,0.9977244444444445
24,4800,0.9896130584272523
