,epoch,mean
0,0,0.05123183129154522
1,200,0.003507224356954399
2,400,0.0008023526452069282
3,600,0.0006188823804431081
4,800,0.004045476179656148
5,1000,0.00024441601553277283
6,1200,7.713983413524432e-05
7,1400,1.419482037897116e-05
8,1600,0.00012141244958204735
9,1800,9.587533902331325e-05
10,2000,1.1337805884136049e-05
11,2200,5.444361783600721e-05
12,2400,1.22279044920831e-05
13,2600,7.279797469732475e-05
14,2800,5.312114672636816e-05
15,3000,1.2852227264546701e-05
16,3200,1.2206839893658148e-05
17,3400,6.510472300368128e-06
18,3600,6.365361836710586e-05
19,3800,3.986957870918985e-05
20,4000,0.0004775836527745391
21,4200,8.414600627743924e-06
22,4400,9.889504841384156e-06
23,4600,1.7691447665225148e-05
24,4800,5.4193032885446056e-05
