,epoch,mean
0,0,0.5
1,200,0.9291256773071823
2,400,0.9720879451565426
3,600,0.9839953991899517
4,800,0.9342651357886036
5,1000,0.9732382952040853
6,1200,0.9878999179040897
7,1400,1.0
8,1600,0.9939063379676282
9,1800,0.9918577927004345
10,2000,1.0
11,2200,0.995691491204574
12,2400,1.0
13,2600,0.9943399598719767
14,2800,0.9960367795888233
15,3000,1.0
16,3200,0.9999182986903761
17,3400,1.0
18,3600,0.9949036887087586
19,3800,0.9971281664508799
20,4000,0.9962286100165483
21,4200,1.0
22,4400,1.0
23,4600,0.999222972972973
24,4800,0.9956498344592521
