,epoch,max,mean,min,std
0,0,0.04155235770594479,0.041499829517246824,0.04146206462340257,2.0455497248438378e-05
1,200,0.003160868962299182,0.0015407199124597049,0.00029216902111942484,0.0007491507921291966
2,400,0.0010815583749839808,0.000905118262864053,0.00037989793537659744,0.00013557704472591073
3,600,0.001154572370258645,0.000792970368398742,0.00020665792578133986,0.00020086026036465686
4,800,0.0006705552433810797,0.0004847700706828735,0.00019894636185293626,9.920742686940525e-05
5,1000,0.0004523840600426529,0.00021475549640670745,0.0001993877437014692,5.746148486748583e-05
6,1200,0.0004890838172037711,0.0003469666827682976,0.00019569843288413068,9.359809425356369e-05
7,1400,0.0004397212117627342,0.000213257194307252,0.00019689639422050035,5.2874045977369294e-05
8,1600,0.0004844706013794826,0.00021870524880305734,0.00020088355234837362,6.401732599091348e-05
9,1800,0.00045982761396832903,0.00021436433718786659,0.00019801365023971716,5.867030394235668e-05
10,2000,0.0004332264053602001,0.00020846273852594496,0.00019341936204681303,5.0703201508551855e-05
11,2200,0.0005435019404108218,0.00032106576760417596,0.00019827469382256005,5.761039581014216e-05
12,2400,0.00042992708261451053,0.00021056117929658876,0.00019550955089594078,5.426948674932288e-05
13,2600,0.0004300869159462009,0.00020898153307242123,0.00019245129256663284,5.0894486300656764e-05
14,2800,0.0007667747776167615,0.00033410003516070425,0.00019200938495056146,0.00020257845943560078
15,3000,0.00044333270898438146,0.00020982108919317686,0.00019460181324079825,5.674417768407392e-05
16,3200,0.0005352740727596553,0.00023763995701850377,0.00019825681772625258,6.89807514059125e-05
17,3400,0.0004346288902690287,0.00020543250886411214,0.00019087530437011406,5.6107032835321223e-05
18,3600,0.00042620241393021095,0.00020548678516152567,0.00019122664852768662,5.5099555596865785e-05
19,3800,0.000699845358622752,0.0003092031677494192,0.00019126345225537847,0.0001838167412002435
20,4000,0.0004378011087122968,0.0002048129457112156,0.00018987161413920356,5.7168416425212955e-05
21,4200,0.0008377811295458354,0.00039883151056299844,0.00019160086357318193,0.00019725823082088038
22,4400,0.0004483641728855109,0.0002098791089554642,0.0001941229704551504,5.961699221340286e-05
23,4600,0.00043613955184889443,0.00020469676291498673,0.00018976028286293574,5.7455974822210365e-05
24,4800,0.0004229343743530595,0.00020488470640812051,0.00019068287345103954,5.485077999929992e-05
