,epoch,max,mean,min,std
0,0,87.0,87.0,87.0,0.0
1,200,12.0,5.706666666666667,1.0,3.129884626911634
2,400,4.0,3.4800000000000004,1.6666666666666667,0.4198412398355677
3,600,4.0,2.9733333333333327,1.0,0.619462132283591
4,800,2.6666666666666665,1.8766666666666665,1.0,0.3254228019054596
5,1000,1.0,1.0,1.0,0.0
6,1200,1.6666666666666667,1.433333333333333,1.0,0.28087165910587863
7,1400,1.0,1.0,1.0,0.0
8,1600,1.0,1.0,1.0,0.0
9,1800,1.0,1.0,1.0,0.0
10,2000,1.0,1.0,1.0,0.0
11,2200,2.0,1.9733333333333334,1.0,0.1466666666666667
12,2400,1.0,1.0,1.0,0.0
13,2600,1.0,1.0,1.0,0.0
14,2800,3.0,1.3933333333333335,1.0,0.6242862591258383
15,3000,1.0,1.0,1.0,0.0
16,3200,1.6666666666666667,1.07,1.0,0.1512540173938457
17,3400,1.0,1.0,1.0,0.0
18,3600,1.0,1.0,1.0,0.0
19,3800,2.3333333333333335,1.3066666666666669,1.0,0.5388877434122993
20,4000,1.0,1.0,1.0,0.0
21,4200,2.6666666666666665,1.6466666666666665,1.0,0.6373905134740133
22,4400,1.0,1.0,1.0,0.0
23,4600,1.0,1.0,1.0,0.0
24,4800,1.0,1.0,1.0,0.0
