,epoch,max,mean,min,std
0,0,0.04560890554236704,0.04399572344105882,0.0429994104831475,0.0008130782445203315
1,200,0.006501679519544443,0.0035905933072817612,0.0005105655334029036,0.0012814055528342083
2,400,0.006624077159307199,0.004523045310886398,0.0019102735550768364,0.0012607401599062352
3,600,0.006294802094161315,0.0038637784816177743,0.0006592634633131878,0.001318589740816332
4,800,0.0011658253812297133,0.0007692662637555628,0.0004468421113301288,0.00012211960434693227
5,1000,0.0034996882897433967,0.0016143006997037504,0.0002867208175935589,0.0007958582774203379
6,1200,0.0034149934192994557,0.002024573959140664,0.00039150591245939184,0.0005897036564412758
7,1400,0.004513074946754301,0.002628589766383436,0.0004056893054970718,0.0013018609217682292
8,1600,0.0024644915434099087,0.0009626669568820026,0.00039797608707002537,0.000613063755532713
9,1800,0.003966171198568995,0.0017525639589169,0.00039406062110150286,0.0008980911534426512
10,2000,0.004989748482302628,0.0031472820235332096,0.00039020943647369386,0.0009281194020727305
11,2200,0.0019135592266439378,0.0010348632726390002,0.00027222361227231156,0.0003933561499303808
12,2400,0.004642557095459826,0.002425412507874126,0.0003986745024807309,0.001195335984725349
13,2600,0.0024836934919210967,0.001411998551635615,0.00039201012770152853,0.0004568814479650554
14,2800,0.003934500839793676,0.0027931687758134,0.0003917597830708173,0.0009660333979458509
15,3000,0.005555271036034846,0.0036172694398504996,0.00038962114015298686,0.0012964042734978734
16,3200,0.0033858308464998206,0.0012336828963490506,0.0003965741028921857,0.0007437297613756484
17,3400,0.004890168006200302,0.0033170771030271227,0.0003892783063358483,0.0011575094167939305
18,3600,0.004876498321429759,0.002564937381972881,0.0003882942864872892,0.0012558892040103239
19,3800,0.002738074285632917,0.0013339188115817622,0.0003859812431387467,0.0005833179324659432
20,4000,0.0025051916675651134,0.0016588929369859783,0.00038482906113304686,0.0006513086697599997
21,4200,0.003284436388934659,0.0016182553610163506,0.0003879235160537224,0.000723628538125979
22,4400,0.004844608266933015,0.0021943142611680357,0.0003901603439729802,0.001441534992269295
23,4600,0.002828441645358216,0.0016106000500418036,0.00038419872427305476,0.0008008196257042621
24,4800,0.0036129376369284107,0.0024490459903157586,0.00038567258421160763,0.0008230070618325995
