,epoch,max,mean,min,std
0,0,0.045679895197004,0.04561457482091955,0.04553230669919123,3.496809413672477e-05
1,200,0.0012625434077696027,0.0008314836510028102,0.0004672360290968519,0.00020722293456404604
2,400,0.0018534354344683704,0.0011001956147336132,0.00021926653237687454,0.0004639475295776533
3,600,0.0005848584060553817,0.0003779686591430792,0.00018678475989766517,8.048264456007025e-05
4,800,0.0005259877766349636,0.00028956560282716886,0.0001342267000090914,7.748624235699038e-05
5,1000,0.0009172693824750726,0.0005563353695871957,0.00022566483122679455,0.0001395405726938725
6,1200,0.0005599440349664623,0.0003385351722052991,8.555610688123825e-05,7.415799967878435e-05
7,1400,0.0008455714855817382,0.0006233705116703963,0.0001555556285788248,0.00016901810414676405
8,1600,0.0005324182057233448,0.0002959950271153654,0.00010580180827521594,7.107061975572063e-05
9,1800,0.0008132712489498341,0.0005053997231687865,0.00017930337991852794,9.08164870739971e-05
10,2000,0.0004014080346772901,0.00016140808433311312,0.00013410533533563136,4.750022176480973e-05
11,2200,0.00039667320590042616,0.0001417841965231431,0.00011562226961432393,4.3072968035162416e-05
12,2400,0.0005724580326143827,0.00040281755464787627,0.00010109487438719784,0.00011321330646588572
13,2600,0.0007362423613096431,0.0005322001071251358,0.00018616055699228836,7.778341379258552e-05
14,2800,0.0002774986463311467,0.0001184292782416581,9.604735997149171e-05,3.91385403108314e-05
15,3000,0.00040651163096376477,0.00016338571219411927,0.00012840849800993334,4.277450170949084e-05
16,3200,0.0015118065847272563,0.0011590045219659472,0.00019132461654568534,0.0002912561392126284
17,3400,0.0004415106615798657,0.00024516378644637006,5.3107486966259226e-05,9.412257609910775e-05
18,3600,0.000354992108010178,0.00014278499065119594,9.138818330154995e-05,5.174906300566812e-05
19,3800,0.00026567048322783293,0.00010174525029273204,8.179964386551595e-05,4.0234525190091694e-05
20,4000,0.0004352849897384051,0.00022597484859537918,9.948032990452571e-05,5.610260644323586e-05
21,4200,0.0007014025214204632,0.0004699475744043218,5.9920411938866375e-05,0.00015057594227761866
22,4400,0.0003701213610222966,0.0001262601227594179,9.122008373578283e-05,5.437767312756882e-05
23,4600,0.0002707752478866153,0.00011031749276065565,8.576509947777408e-05,4.220328546361837e-05
24,4800,0.0003521469753944443,0.00015086796699202186,9.705493504032527e-05,5.323835589909109e-05
