,epoch,max,mean,min,std
0,0,26.0,25.203333333333333,25.0,0.36786168898408317
1,200,4.333333333333333,2.746666666666667,0.0,0.7804841802083855
2,400,5.0,3.8400000000000007,0.0,0.9122377857651904
3,600,3.0,1.5066666666666664,0.0,0.9421960164070603
4,800,0.6666666666666666,0.006666666666666666,0.0,0.066332495807108
5,1000,0.6666666666666666,0.006666666666666666,0.0,0.066332495807108
6,1200,0.0,0.0,0.0,0.0
7,1400,0.6666666666666666,0.006666666666666666,0.0,0.066332495807108
8,1600,0.6666666666666666,0.11333333333333333,0.0,0.2066666666666666
9,1800,0.0,0.0,0.0,0.0
10,2000,0.6666666666666666,0.006666666666666666,0.0,0.066332495807108
11,2200,0.0,0.0,0.0,0.0
12,2400,0.0,0.0,0.0,0.0
13,2600,0.0,0.0,0.0,0.0
14,2800,0.0,0.0,0.0,0.0
15,3000,0.6666666666666666,0.006666666666666666,0.0,0.066332495807108
16,3200,0.0,0.0,0.0,0.0
17,3400,0.6666666666666666,0.006666666666666666,0.0,0.066332495807108
18,3600,0.6666666666666666,0.006666666666666666,0.0,0.066332495807108
19,3800,0.6666666666666666,0.006666666666666666,0.0,0.066332495807108
20,4000,0.0,0.0,0.0,0.0
21,4200,0.6666666666666666,0.006666666666666666,0.0,0.06633249580710798
22,4400,0.0,0.0,0.0,0.0
23,4600,0.6666666666666666,0.013333333333333332,0.0,0.09333333333333334
24,4800,0.6666666666666666,0.006666666666666666,0.0,0.066332495807108
