,epoch,max,mean,min,std
0,0,0.046428446608854146,0.04589929672063451,0.045719490794139006,0.00023098523481179418
1,200,0.006013174989676334,0.003642235983311262,0.00018958805018013013,0.0009994215877510285
2,400,0.005757480741025532,0.004437789978213508,6.955900152363052e-05,0.000996451012439905
3,600,0.004018987568883763,0.0019509653096387435,3.920657297050992e-05,0.0012285577218745635
4,800,0.0015295940307858801,0.00012675527076480556,2.1391772395232608e-05,0.00024683775030899296
5,1000,0.0015791783786862606,0.00013430474888575622,3.256240477309297e-05,0.00028860647124202604
6,1200,0.0011080228402181498,7.988895439076141e-05,1.082945305936463e-05,0.00025335266573332446
7,1400,0.0015089353097811383,0.00011963507482876955,2.268643114471642e-05,0.00026695315294331427
8,1600,0.0015834587836587068,0.00020465201133467188,2.363421476070457e-05,0.00027746376465189734
9,1800,0.001113209449357085,0.0002286573141384368,1.8369572956270376e-05,0.00020625604479856399
10,2000,0.0014774608056730316,0.00011411368277158357,1.5783103364802714e-05,0.00026858657239742847
11,2200,0.0010934125051618323,8.964350463496945e-05,1.800959744827488e-05,0.00024289020469049573
12,2400,0.0010402181497144974,8.512320902217097e-05,1.927919461175901e-05,0.00023968523088704807
13,2600,0.0010792265083230097,7.85036296581087e-05,1.286228943283922e-05,0.00023576012117451525
14,2800,0.0011378808720292767,8.032091360872599e-05,1.3909180229826133e-05,0.00024464997270881394
15,3000,0.0014887368106283909,0.0001409053042277187,1.3654007717829326e-05,0.00024408885058579816
16,3200,0.0010730790151935864,8.366875987867913e-05,1.762000370227975e-05,0.00023619299104507598
17,3400,0.001412111581015849,9.430624688510119e-05,1.3419909721332251e-05,0.0002299182160042799
18,3600,0.0014867808677574148,9.100864909507739e-05,1.3737166616828284e-05,0.00023295399978783332
19,3800,0.0015138075099320775,9.223504919760205e-05,1.1139305395360759e-05,0.0002594540222403673
20,4000,0.0010942680165748214,7.548171500989647e-05,1.0482577925868966e-05,0.00024846753935837105
21,4200,0.0015120628817975993,0.00014033794979139078,1.3766784854827915e-05,0.0002517284244416177
22,4400,0.0011225295114414685,7.961114101413985e-05,1.2940322098338246e-05,0.0002520126955471086
23,4600,0.0014362954419240464,0.00010617871189143778,1.0164181867372946e-05,0.00027554678949747124
24,4800,0.0015457405271476782,8.764508237572444e-05,1.2165121676847937e-05,0.00021351522598432563
