,epoch,max,mean,min,std
0,0,122.0,120.55666666666667,118.33333333333333,0.9153687781435413
1,200,6.333333333333333,3.87,1.0,1.1915396202672688
2,400,7.0,3.3000000000000007,1.0,1.5538482694408888
3,600,6.0,2.7566666666666664,1.0,1.3927231518782826
4,800,1.0,1.0,1.0,0.0
5,1000,3.0,1.4333333333333333,1.0,0.6774133810967191
6,1200,1.0,1.0,1.0,0.0
7,1400,1.0,1.0,1.0,0.0
8,1600,3.0,1.5533333333333335,1.0,0.38935844667863573
9,1800,1.0,1.0,1.0,0.0
10,2000,1.6666666666666667,1.083333333333333,1.0,0.15898986690282424
11,2200,1.0,1.0,1.0,0.0
12,2400,1.0,1.0,1.0,0.0
13,2600,1.0,1.0,1.0,0.0
14,2800,1.0,1.0,1.0,0.0
15,3000,1.0,1.0,1.0,0.0
16,3200,1.0,1.0,1.0,0.0
17,3400,1.0,1.0,1.0,0.0
18,3600,1.0,1.0,1.0,0.0
19,3800,1.0,1.0,1.0,0.0
20,4000,1.0,1.0,1.0,0.0
21,4200,1.0,1.0,1.0,0.0
22,4400,1.3333333333333333,1.0266666666666666,1.0,0.09043106644167022
23,4600,1.0,1.0,1.0,0.0
24,4800,1.0,1.0,1.0,0.0
