,epoch,max,mean,min,std
0,0,95.0,94.96666666666665,94.66666666666667,0.09999999999999859
1,200,8.333333333333334,6.653333333333335,0.6666666666666666,1.255140541046212
2,400,12.666666666666666,8.316666666666665,0.0,3.124233239265809
3,600,3.3333333333333335,2.1200000000000006,0.0,0.8544263832797091
4,800,2.3333333333333335,1.4666666666666668,0.0,0.7241853660800144
5,1000,5.0,3.1533333333333333,0.0,1.0343221075768525
6,1200,4.333333333333333,3.5533333333333332,0.0,0.7058800653557704
7,1400,15.0,10.796666666666667,0.0,4.536737692316902
8,1600,3.3333333333333335,2.3000000000000003,0.0,0.6064468466220083
9,1800,8.666666666666666,6.463333333333333,0.0,1.5332572444889272
10,2000,0.0,0.0,0.0,0.0
11,2200,0.3333333333333333,0.003333333333333333,0.0,0.033166247903554
12,2400,12.0,9.08,0.0,3.1556369316580835
13,2600,22.666666666666668,19.746666666666666,1.3333333333333333,3.9606733434270156
14,2800,0.0,0.0,0.0,0.0
15,3000,0.0,0.0,0.0,0.0
16,3200,28.666666666666668,23.64666666666666,0.0,6.395800705671392
17,3400,10.0,5.849999999999999,0.0,2.8383778622461264
18,3600,1.0,0.3933333333333332,0.0,0.3811677962379414
19,3800,0.0,0.0,0.0,0.0
20,4000,2.0,1.4500000000000002,0.0,0.5063485843654437
21,4200,6.0,5.13,0.0,1.71262955714305
22,4400,0.0,0.0,0.0,0.0
23,4600,0.0,0.0,0.0,0.0
24,4800,1.0,0.39666666666666656,0.0,0.42608032628184617
