,epoch,max,mean,min,std
0,0,53.666666666666664,50.4,48.333333333333336,1.6699966733167133
1,200,11.333333333333334,5.863333333333335,1.0,2.463554342814463
2,400,12.666666666666666,8.623333333333333,4.0,2.3709608928777284
3,600,11.333333333333334,7.243333333333335,1.3333333333333333,2.3069243594014956
4,800,1.6666666666666667,1.2166666666666663,1.0,0.17240134054647663
5,1000,5.333333333333333,2.583333333333334,0.6666666666666666,1.2368193975767934
6,1200,6.0,3.583333333333334,1.0,1.1589027377461647
7,1400,6.666666666666667,3.9300000000000006,1.0,1.8428811983172197
8,1600,4.333333333333333,1.6966666666666668,0.6666666666666666,0.9487945568515405
9,1800,6.333333333333333,2.813333333333333,1.0,1.440925628430096
10,2000,7.666666666666667,4.95,1.0,1.46087873099264
11,2200,2.6666666666666665,1.6733333333333333,0.6666666666666666,0.5248915231846588
12,2400,7.333333333333333,3.916666666666666,1.0,1.9620709014258944
13,2600,4.0,2.64,1.0,0.672772043282286
14,2800,6.0,4.466666666666666,1.0,1.5003703246569198
15,3000,9.333333333333334,5.98,1.0,2.2014237817073448
16,3200,5.333333333333333,1.9966666666666657,1.0,1.1259514495157714
17,3400,7.333333333333333,5.029999999999999,1.0,1.640524983723876
18,3600,8.0,4.116666666666667,1.0,2.0781268274845766
19,3800,4.333333333333333,2.036666666666667,1.0,0.8536132353446471
20,4000,3.6666666666666665,2.4033333333333333,1.0,0.760548048010994
21,4200,4.666666666666667,2.4399999999999995,1.0,0.9224122963428256
22,4400,7.666666666666667,3.573333333333334,1.0,2.3070327262524906
23,4600,4.0,2.466666666666667,1.0,1.1205157542647741
24,4800,6.666666666666667,4.256666666666668,1.0,1.4405670179944192
