,epoch,max,mean,min,std
0,0,0.0442312080674249,0.04390312973762109,0.04346282330596055,0.00018985420140149326
1,200,0.0017521025175004413,0.0009842168528212357,0.0002597644143203543,0.0003352259068431821
2,400,0.0020312023915253444,0.0009219523433548808,0.0002128823203794369,0.00045404447624017004
3,600,0.0014531409382620456,0.0006446076355188235,0.00018604714521669542,0.0003500188060693246
4,800,0.0003982502695305463,0.00019858235147739189,0.00018363387221518711,3.596490869570126e-05
5,1000,0.0008227619106511841,0.0003209128232611509,0.00018312196582092778,0.00019575994285577663
6,1200,0.0003433508180913025,0.00019714345597159899,0.00018031938585571808,3.4725155118362827e-05
7,1400,0.0003934005419587889,0.00020031514745240238,0.00018466270369384561,3.1628444689572996e-05
8,1600,0.0007196230485734524,0.0003359532807745035,0.0001886401351222574,0.00011130395357489246
9,1800,0.00036908869250276395,0.00020200573265855855,0.0001828746160926092,3.510123362839316e-05
10,2000,0.00039327818151347563,0.00021567181948727504,0.0001791659235719213,5.342151755116988e-05
11,2200,0.00039261917970107133,0.00019597512522080002,0.00018006689794463729,3.9223339211824205e-05
12,2400,0.0003955336047608251,0.00019898240799740227,0.0001800970100854761,3.427400600990065e-05
13,2600,0.0003945746764662567,0.00019356641564254027,0.00017692113516796335,3.786325417622701e-05
14,2800,0.0003964088882197302,0.00019891366389174924,0.00017814736845878716,4.107612626487796e-05
15,3000,0.0004032427907860434,0.00019706471272330558,0.0001813238408394118,4.180845316088671e-05
16,3200,0.0003916647921261532,0.00020319986545130726,0.00018412725725297814,3.511829252060207e-05
17,3400,0.0002603617579396127,0.00018814644657320554,0.00017378552926419134,2.794828988843195e-05
18,3600,0.000318727690353988,0.0001897552725372795,0.00017466284409767686,3.4572707457068405e-05
19,3800,0.0004068264940237259,0.0001917117300231487,0.00017658583886957593,3.734969334764811e-05
20,4000,0.0003391897265022986,0.0001903551685189517,0.00017435825740324013,3.505052360178035e-05
21,4200,0.00038383456007446787,0.00018841467405250565,0.00017521693138763502,4.219380066193879e-05
22,4400,0.00042171921802832985,0.00020324378735451408,0.00017940048758964563,4.690269334602251e-05
23,4600,0.000388963422412096,0.00018865281926412264,0.00017375661204957634,3.869651023159407e-05
24,4800,0.000382306846897389,0.00018735614985211296,0.00017442314189719033,3.345811556989547e-05
