,epoch,max,mean,min,std
0,0,0.07906412529757398,0.07904960302758458,0.0790145805836694,1.016282993811062e-05
1,200,0.0017905689508919034,0.0016109747865872437,0.001111906564963082,0.00016353893128614116
2,400,0.001661180709162255,0.001513508519589258,0.001089327281714825,0.00011363245396974585
3,600,0.0020126581351494846,0.0016610000882111614,0.0011590336273150576,0.0001954504145599699
4,800,0.0013486903971333042,0.0011217689089499934,0.0010933275191637361,5.2721955870828405e-05
5,1000,0.0014286971433453554,0.0012330766222115703,0.00111377220327624,7.736409343789536e-05
6,1200,0.0019442684104737163,0.0014871297796995606,0.0010843538366029715,0.0002728417234873719
7,1400,0.0018013169537967695,0.0014645582235270817,0.0011674882509945946,0.00017664911030262697
8,1600,0.00149015613375475,0.0012530977873423089,0.0010835603799848323,0.00011408536004512531
9,1800,0.0016695545558290661,0.0012847297936801976,0.0010837462336885635,0.0001876242866698993
10,2000,0.0014723772020196477,0.0012246919804959023,0.001075861265480643,0.00011448319361430052
11,2200,0.0015923353932581156,0.0013494005535666439,0.00108545098372088,0.0001638277533943688
12,2400,0.0015624287029131323,0.0013185209651299617,0.0010878930459091937,0.00013402240396571746
13,2600,0.001579253178791818,0.001285535756310843,0.0010748635362245516,0.0001331924480254947
14,2800,0.001468833998245763,0.0012288282184729708,0.0010735100774316463,0.00010813516576557232
15,3000,0.0016001207216893491,0.0014294269547787427,0.001072627743908021,0.0001608935361853668
16,3200,0.0012965111098905797,0.0011711242418139768,0.0010743757673400119,4.14284652041663e-05
17,3400,0.001439667837822394,0.0012476530605111925,0.0010695207138113714,0.00010510406425731377
18,3600,0.0014146641346179985,0.0012098474002395572,0.0010713875726563156,0.00010986846465700607
19,3800,0.0012907841528372096,0.0010858440337909773,0.0010670835337502006,5.13048444716674e-05
20,4000,0.0012853432440514333,0.0010755281989999407,0.0010278007182274772,5.344265648896727e-05
21,4200,0.0012912748066150606,0.0010876290504318188,0.0010709995545058982,5.128002988160928e-05
22,4400,0.0012906151646636078,0.00108628444049436,0.0010710133132278462,5.124582709370533e-05
23,4600,0.0012901027632284843,0.0010850657395063395,0.001070375640848536,5.142626278750209e-05
24,4800,0.0014684420965851187,0.0012565708072097925,0.0010680161309919098,0.00011549385059153918
