,epoch,max,mean,min,std
0,0,72.0,72.0,72.0,0.0
1,200,5.666666666666667,4.986666666666666,2.0,0.8484233743964286
2,400,5.0,4.56,2.0,0.5330832747121014
3,600,5.666666666666667,3.976666666666667,2.3333333333333335,0.742750144919392
4,800,2.3333333333333335,2.0766666666666667,2.0,0.1402775027500055
5,1000,2.6666666666666665,2.336666666666667,2.0,0.26455413224685953
6,1200,5.666666666666667,3.976666666666666,2.0,1.1158006592179048
7,1400,4.0,3.1,2.0,0.6823163163486239
8,1600,3.3333333333333335,2.7100000000000004,2.0,0.3701501196962
9,1800,5.0,3.19,2.0,0.9991718793303003
10,2000,4.333333333333333,2.6899999999999995,2.0,0.556287295878268
11,2200,4.0,3.066666666666667,2.0,0.6324555320336758
12,2400,4.0,2.8933333333333326,2.0,0.5997777366102659
13,2600,3.6666666666666665,2.8699999999999988,2.0,0.5289297369846648
14,2800,3.3333333333333335,2.516666666666667,2.0,0.35394600969325507
15,3000,4.333333333333333,3.143333333333333,2.0,0.645075361661118
16,3200,2.6666666666666665,2.33,2.0,0.12905640455070622
17,3400,3.0,2.5766666666666667,2.0,0.39399661589071217
18,3600,2.6666666666666665,2.38,2.0,0.32324741126401746
19,3800,2.0,2.0,2.0,0.0
20,4000,2.0,1.9366666666666663,1.6666666666666667,0.13076696830622017
21,4200,2.0,2.0,2.0,0.0
22,4400,2.0,2.0,2.0,0.0
23,4600,2.0,2.0,2.0,0.0
24,4800,3.3333333333333335,2.679999999999999,2.0,0.5097275960964075
