,epoch,max,mean,min,std
0,0,0.08769324962704432,0.08766551777454891,0.08762431221646909,1.558823370309735e-05
1,200,0.001521616561062928,0.0014658363255779638,0.0012792186155507954,2.4887767923113913e-05
2,400,0.0016714375035020944,0.0015692210721484081,0.0011072906247070033,6.801547000157748e-05
3,600,0.0019718797243595404,0.0017440265277035751,0.0011975512803655824,0.00012811875885592307
4,800,0.0015760220982827672,0.001501988615767163,0.0012846796076323183,8.110221427121008e-05
5,1000,0.0018014497698465401,0.0015996858295704893,0.0012851682641763385,0.00011903063002213989
6,1200,0.001900873290492668,0.001731596729640559,0.0015285734812839774,0.0001381951584502183
7,1400,0.0023066830217925954,0.0020346458588188696,0.0013672620087845002,0.00014304349547228183
8,1600,0.0015638663783992506,0.0014262412347787203,0.0010841264848185266,6.855120303828481e-05
9,1800,0.0019087942089095495,0.0015231846137543947,0.0010815791240243377,0.0002853386280954014
10,2000,0.002187518398129702,0.002031390801517676,0.0016840202985531703,0.00010632757102816583
11,2200,0.0018028296365089908,0.001478197930310964,0.0010997704845455711,0.00013995864382276545
12,2400,0.001790412389951029,0.0017422201883724377,0.001268751556871511,7.179563335779278e-05
13,2600,0.001954832002121506,0.001813680100838117,0.0010751809854462684,0.0001489339371982624
14,2800,0.0020295348719800857,0.0016138469575193914,0.0010663374559568332,0.00021299231331290636
15,3000,0.0017402829303636684,0.0016556008184220414,0.0010733321017058041,0.00013009687153418896
16,3200,0.001685604548811008,0.0015708011836939172,0.001075697270391619,8.315617954322933e-05
17,3400,0.0014188209330077844,0.0012964121436255236,0.0012558201335594646,3.279605989480188e-05
18,3600,0.001964550541943853,0.0015920103956020915,0.0010606988210217737,0.00019592718574075083
19,3800,0.0020573870744574323,0.0017950155823073931,0.0014487299534589038,0.00011877351404076977
20,4000,0.001777994366691022,0.0015665188580482703,0.0010661915469297248,0.00014472008215790102
21,4200,0.0019266609079757874,0.0018287148033307205,0.0014508003082397546,9.478003130806622e-05
22,4400,0.0014729843611043152,0.0012958317097486647,0.0010691775224647199,0.00010842266525315074
23,4600,0.002116781036042859,0.00186353987948913,0.0012586395619844295,0.00019856800952713596
24,4800,0.0019762790757023745,0.0017537591790925129,0.0010686491431589472,0.00020421261971794116
