,epoch,max,mean,min,std
0,0,81.0,81.0,81.0,0.0
1,200,3.3333333333333335,3.0,2.3333333333333335,0.08164965809277261
2,400,4.333333333333333,4.006666666666666,2.0,0.33986925590749023
3,600,5.0,3.9633333333333325,2.0,0.5161718060232788
4,800,3.6666666666666665,3.2666666666666657,2.3333333333333335,0.3559026084010437
5,1000,4.0,3.4266666666666676,2.3333333333333335,0.41920559792699974
6,1200,5.333333333333333,4.743333333333335,3.0,0.4615312677502046
7,1400,6.333333333333333,5.000000000000001,2.3333333333333335,0.6733003292241385
8,1600,4.0,3.1066666666666674,2.0,0.3492213560989012
9,1800,5.0,3.41,2.0,1.0706747612811485
10,2000,5.666666666666667,5.1400000000000015,3.0,0.5378558253741321
11,2200,4.333333333333333,3.0999999999999996,2.0,0.44845413490245706
12,2400,4.666666666666667,4.276666666666666,2.3333333333333335,0.43475408118971254
13,2600,5.0,4.343333333333334,2.0,0.6640866743965814
14,2800,5.666666666666667,3.8666666666666676,2.0,0.8679477710861024
15,3000,4.0,3.69,2.0,0.4223084707230538
16,3200,4.0,3.5766666666666667,2.0,0.3677408507812714
17,3400,2.6666666666666665,2.6066666666666674,2.3333333333333335,0.12806248474865684
18,3600,4.666666666666667,3.5533333333333337,2.0,0.6653653966890006
19,3800,6.0,4.763333333333334,2.6666666666666665,0.7337801668983247
20,4000,5.0,3.896666666666667,2.0,0.6611353870426238
21,4200,5.333333333333333,4.56,2.6666666666666665,0.5674112754920856
22,4400,3.3333333333333335,2.97,2.0,0.5122824741617982
23,4600,6.666666666666667,5.066666666666666,2.3333333333333335,1.1215069227507148
24,4800,6.0,4.506666666666667,2.0,1.1009894539811804
