,epoch,max,mean,min,std
0,0,77.0,77.0,77.0,0.0
1,200,7.333333333333333,5.966666666666669,2.0,1.2270108212870643
2,400,6.0,4.89,2.0,0.6325521498044427
3,600,7.0,4.2,2.0,1.046687897873839
4,800,2.6666666666666665,2.463333333333333,2.0,0.3051229260478471
5,1000,4.0,2.98,2.0,0.8230296335963718
6,1200,3.6666666666666665,3.4233333333333342,2.0,0.37669616403674716
7,1400,4.666666666666667,3.686666666666666,2.0,0.705250152625136
8,1600,3.6666666666666665,2.6333333333333333,2.0,0.47258156262526085
9,1800,5.666666666666667,4.653333333333333,2.0,0.8754935116200973
10,2000,4.666666666666667,3.5966666666666662,2.0,0.8383780637503451
11,2200,3.6666666666666665,2.5966666666666667,2.0,0.5642989751305006
12,2400,3.6666666666666665,3.0666666666666664,2.0,0.42163702135578396
13,2600,3.3333333333333335,2.3266666666666667,2.0,0.32653058390022555
14,2800,2.3333333333333335,2.2033333333333336,2.0,0.16258331197676273
15,3000,2.0,2.0,2.0,0.0
16,3200,2.6666666666666665,2.3866666666666667,2.0,0.2612789058968723
17,3400,2.0,2.0,2.0,0.0
18,3600,2.0,2.0,2.0,0.0
19,3800,2.0,2.0,2.0,0.0
20,4000,2.0,2.0,2.0,0.0
21,4200,2.6666666666666665,2.0066666666666664,2.0,0.066332495807108
22,4400,2.0,1.9233333333333331,1.6666666666666667,0.1402775027500054
23,4600,2.0,2.0,2.0,0.0
24,4800,2.0,2.0,2.0,0.0
