,epoch,max,mean,min,std
0,0,51.0,51.0,51.0,0.0
1,200,3.6666666666666665,3.2600000000000007,0.3333333333333333,0.7017121917139533
2,400,3.0,2.3866666666666667,0.0,0.576811157235287
3,600,3.6666666666666665,2.51,0.6666666666666666,0.528004629609333
4,800,1.3333333333333333,0.3866666666666667,0.0,0.38792897402603077
5,1000,1.3333333333333333,0.31999999999999995,0.0,0.294089933334837
6,1200,2.0,1.643333333333333,0.0,0.47668997612004954
7,1400,2.6666666666666665,1.3800000000000006,0.0,0.742398515324186
8,1600,1.0,0.43999999999999995,0.0,0.24890872936792624
9,1800,1.0,0.7066666666666666,0.0,0.45284287193977857
10,2000,1.0,0.5366666666666666,0.0,0.3797513806572809
11,2200,1.0,0.2866666666666666,0.0,0.3300505011863083
12,2400,1.3333333333333333,0.5266666666666667,0.0,0.4273432136143292
13,2600,0.6666666666666666,0.28,0.0,0.20396078054371136
14,2800,1.3333333333333333,0.7033333333333335,0.0,0.35868587309170064
15,3000,1.6666666666666667,0.8333333333333335,0.0,0.5131601439446883
16,3200,0.0,0.0,0.0,0.0
17,3400,1.6666666666666667,0.58,0.0,0.532541078227774
18,3600,0.6666666666666666,0.34666666666666657,0.0,0.2825282680055612
19,3800,0.0,0.0,0.0,0.0
20,4000,0.0,0.0,0.0,0.0
21,4200,0.0,0.0,0.0,0.0
22,4400,0.0,0.0,0.0,0.0
23,4600,0.0,0.0,0.0,0.0
24,4800,0.0,0.0,0.0,0.0
