,epoch,max,mean,min,std
0,0,0.08385736022275814,0.08383627385626462,0.0838003461871974,1.316176625369657e-05
1,200,0.002085341357775037,0.0018117751403195462,0.0010994279589435299,0.0002523676600959275
2,400,0.0017834341659024474,0.0015028104996801653,0.0011025440875498547,0.00011282126124382727
3,600,0.00244726476052889,0.0017045419438522095,0.0010956709401922784,0.0002763914457034051
4,800,0.0014576307369848316,0.0012065361219155916,0.0010840930866305722,7.85732447146762e-05
5,1000,0.0016285362550645134,0.0013736568153107946,0.0011205457108571296,0.0001960368915834995
6,1200,0.0015386082497962545,0.0012855996522593985,0.0010870384517443342,7.90260841496969e-05
7,1400,0.001855403710305671,0.0015451815480004634,0.0011573349799416696,0.00014680636390822097
8,1600,0.0014629730046108362,0.0012153175230084111,0.0010739593440862183,0.00011113321423823645
9,1800,0.0018962865320420108,0.001741356996115935,0.0010835745825365202,0.00020705810537163048
10,2000,0.00179836770517278,0.0015161361214717616,0.001078838697293138,0.000213024366130947
11,2200,0.0016002608609298342,0.001231906882301346,0.001077561910087862,0.00013670825409369179
12,2400,0.001579334843464025,0.0013548948062489007,0.0010899038165474155,0.00010693347283247383
13,2600,0.0014281698736139338,0.0011572616470632618,0.0010611345508692684,8.903323753544327e-05
14,2800,0.0013598731312687486,0.00113032130610216,0.0010599191231255825,5.9414995802096175e-05
15,3000,0.001299784354224954,0.0010889313767099237,0.0010625566923144778,5.2362370408114626e-05
16,3200,0.0014269870673561562,0.0011663013592840585,0.001060592412841548,7.153756383075047e-05
17,3400,0.0012916511742347963,0.0010871873266636823,0.001057838782175576,5.0979545452009725e-05
18,3600,0.00128981649304602,0.001086652597263901,0.0010705862380602869,5.112698469842097e-05
19,3800,0.0012800026407869547,0.0010762095841703686,0.0010563607181830945,5.119035645548748e-05
20,4000,0.0012858786136756152,0.001084615367715714,0.001060591081352327,5.0528107643698725e-05
21,4200,0.001303193965247022,0.0010911176154359548,0.0010696260124172467,5.5604132844331426e-05
22,4400,0.001291791202517846,0.001078137593876925,0.001031954076936776,5.484501251939418e-05
23,4600,0.0012919670700524222,0.0010863242442550403,0.0010699595504670477,5.1523080675880894e-05
24,4800,0.0012922949492730348,0.0010857072310405647,0.0010631854880989832,5.151083223269825e-05
