,epoch,max,mean,min,std
0,0,0.07810549899500303,0.07809100007822499,0.07806508474651495,8.826871587418602e-06
1,200,0.001793454177075861,0.0016513527586514904,0.0011193161915191905,0.000189708538249552
2,400,0.0017395882258627359,0.001411934278801638,0.0010892068928977812,0.00015164682561702743
3,600,0.001614530874738487,0.0014388070156167044,0.0011454001763113646,5.4613228357513583e-05
4,800,0.0014468131637681812,0.001173820823714711,0.0010772660975659825,0.00010586168690415654
5,1000,0.0014216177261159961,0.0011902463698888152,0.001115187465360476,6.36495903351651e-05
6,1200,0.0015330406276196356,0.0012960197393276978,0.0010839421845188857,0.00013066682282058146
7,1400,0.001784425237712435,0.0014815782086254978,0.0011702384419800798,0.00015906415285139874
8,1600,0.0014315152402810994,0.001205662702712299,0.0010712763933063817,0.00011404848333837508
9,1800,0.0017117649832759409,0.001503961732999795,0.0010789863816392075,0.00016444369658880032
10,2000,0.0016128213535364633,0.0011894785078222219,0.0010764089513801164,0.0001305735490833947
11,2200,0.0015689522233928233,0.00124602786030237,0.0010798579522916319,0.000143619143855844
12,2400,0.0015697835164963194,0.0012340016787859927,0.001089615216258815,0.00016053710974172063
13,2600,0.0014386063080411408,0.0011401860190303097,0.0010615406550816009,0.00010027547296381964
14,2800,0.0014168396770472896,0.0012195393191540829,0.0010571112342738643,0.00010927599774140957
15,3000,0.0014751362695999378,0.0012734768867340956,0.001060772052928916,0.0001235043082960225
16,3200,0.0014292919861547315,0.0011942205179160197,0.0010577426930368109,0.00012650337132723467
17,3400,0.001322620503935383,0.0010965077323462562,0.0010562206899000445,6.699089312973049e-05
18,3600,0.0015417562231864427,0.0013921769637940343,0.001068044647052721,0.00017764886115622362
19,3800,0.0014091799524325477,0.0011650670721051345,0.0010552036540502515,0.00011179694772207735
20,4000,0.0012857140637994157,0.001083358233291336,0.001057136865441364,5.07066156025943e-05
21,4200,0.001418106145211105,0.0011525140591392036,0.001068051082583955,0.0001075225729940866
22,4400,0.0014262406566904837,0.001205707599419249,0.001065219892670873,0.00011208126263728319
23,4600,0.0012915493153094078,0.0010855569014692431,0.0010688383255857308,5.169011084131996e-05
24,4800,0.0014167875270528097,0.0011136182753552998,0.0010607429820809293,8.665486103023863e-05
