,epoch,max,mean,min,std
0,0,0.059947014939863846,0.0599391300981474,0.0599296459958513,3.4575767077969534e-06
1,200,0.0006321956312729093,0.0005463398548565793,0.00011502591133502322,0.00010288831409760323
2,400,0.0005060829639837714,0.00025935591539051747,5.204869034165459e-05,6.647692395230824e-05
3,600,0.0010181404310585396,0.0006367433659936545,0.00028946620042352456,0.00011480437029222654
4,800,0.0003655573697096189,0.0001052597707730349,3.473300589794246e-05,6.779854089994224e-05
5,1000,0.00046001543417921735,0.00013667143672680006,8.138750053398264e-05,7.37388066903906e-05
6,1200,0.0004699283714277947,0.0002181651956484713,3.269882324092243e-05,7.27399212522993e-05
7,1400,0.0008951502169495248,0.0004104662131836296,0.00011216631631856544,0.00019043272131917942
8,1600,0.0003420595808139061,0.00010842203659043333,2.2606911649587543e-05,6.22697067589238e-05
9,1800,0.00029848104819269757,0.00014645789137599982,2.1804800351513156e-05,7.58733866194068e-05
10,2000,0.0003653594216454655,9.914359833852338e-05,3.2614162717968944e-05,6.893456248682231e-05
11,2200,0.00032629574705699276,7.62704520905213e-05,3.546244007605023e-05,5.665197854137226e-05
12,2400,0.0004062253778516754,0.00011158279671543798,2.843783581961206e-05,0.00010573954198973591
13,2600,0.00026713712619133616,5.618102594573184e-05,1.8737714931486554e-05,5.296494186300172e-05
14,2800,0.00038994315095814514,0.00015312611588505476,1.6702089827810704e-05,0.0001139529120616608
15,3000,0.0003464370735420332,9.644316288606946e-05,1.5985526712170312e-05,6.520126022003228e-05
16,3200,0.00023504657160943205,2.954901794348161e-05,1.604178213174753e-05,5.1695120240932336e-05
17,3400,0.0005158239172080003,0.0001606943139307615,1.5395233157632233e-05,0.00013121656037089639
18,3600,0.000279722473263419,5.255912893975178e-05,1.3675614829017364e-05,5.5090331012698984e-05
19,3800,0.0002312585957337976,2.7988852106499164e-05,1.4137641588621981e-05,5.116446794100492e-05
20,4000,0.00022728676338826283,2.8146625812139067e-05,1.4752900566049351e-05,5.007741004815576e-05
21,4200,0.0002337171905799357,3.062383598715778e-05,1.673704141985572e-05,5.113230278539906e-05
22,4400,0.00023099895533574885,2.8137207745050876e-05,1.4415700920891232e-05,5.1057207340765206e-05
23,4600,0.00023412928649376176,2.8235878863329842e-05,1.463118025978464e-05,5.1469644943920905e-05
24,4800,0.00023238370412534195,2.804729671627019e-05,1.399916670966267e-05,5.1348241204861576e-05
