,epoch,max,mean,min,std
0,0,71.0,71.0,71.0,0.0
1,200,5.666666666666667,5.103333333333333,2.0,0.9269963442334724
2,400,5.333333333333333,4.233333333333333,2.0,0.6472162612982532
3,600,3.6666666666666665,3.0266666666666664,2.3333333333333335,0.19252705437591536
4,800,2.6666666666666665,2.183333333333333,2.0,0.28431203515386627
5,1000,2.6666666666666665,2.2433333333333327,2.0,0.1816896009988219
6,1200,3.6666666666666665,3.200000000000001,2.0,0.5206833117271104
7,1400,4.333333333333333,3.3433333333333333,2.0,0.7370436441170449
8,1600,2.6666666666666665,2.3299999999999996,2.0,0.32487604473774984
9,1800,4.666666666666667,3.8,2.0,0.7831560082980487
10,2000,3.3333333333333335,2.2633333333333328,2.0,0.41444742328390294
11,2200,3.6666666666666665,2.3633333333333333,2.0,0.4057777169283147
12,2400,3.3333333333333335,2.4833333333333334,2.0,0.5644564740625367
13,2600,3.0,2.353333333333333,2.0,0.3259856847572707
14,2800,2.6666666666666665,2.4,2.0,0.3162277660168379
15,3000,3.3333333333333335,2.8699999999999988,2.0,0.5615355930145678
16,3200,3.3333333333333335,2.313333333333334,2.0,0.38534256044315796
17,3400,3.0,2.1766666666666667,2.0,0.20792626898334265
18,3600,3.3333333333333335,2.909999999999999,2.0,0.5534839152535912
19,3800,2.6666666666666665,2.2666666666666666,2.0,0.32317865716108857
20,4000,2.0,2.0,2.0,0.0
21,4200,2.6666666666666665,2.1966666666666668,2.0,0.298496231131986
22,4400,2.6666666666666665,2.3633333333333333,2.0,0.3269216691774617
23,4600,2.0,2.0,2.0,0.0
24,4800,2.6666666666666665,2.08,2.0,0.2061283311165374
