,epoch,max,mean,min,std
0,0,0.08327838912858777,0.08300958706053228,0.08277915058785557,9.812307412876492e-05
1,200,0.00327506787512875,0.0015353974788898856,1.341103374295736e-05,0.0010646414825160038
2,400,0.0009850205998642495,0.0005540216239243216,4.770957039315363e-06,0.0003082145465362549
3,600,0.0006459649897238006,0.00024015886340011676,4.3190890493210105e-06,0.00015710694158875007
4,800,0.0001509023120262387,7.478229289779334e-05,6.083427076955208e-05,1.5209874774155165e-05
5,1000,4.830620701439618e-05,7.025751016940302e-06,3.6651382896416856e-06,8.767103529541605e-06
6,1200,8.852708597358093e-05,1.3038190439574522e-05,3.2072184962099097e-06,1.654766472901994e-05
7,1400,6.491591553106354e-05,1.1329841086761502e-05,3.454511797456818e-06,1.3196652862210108e-05
8,1600,6.947470346163158e-05,5.07891433019589e-06,3.5507473383931145e-06,6.5789168995304775e-06
9,1800,0.0001400250853185622,1.189581642388255e-05,3.1202386546484965e-06,2.643070000219188e-05
10,2000,0.00017220026960191006,1.907272487789597e-05,4.166014021197924e-06,3.484226007037398e-05
11,2200,0.00010444570227025697,8.473719746915954e-06,4.4276655227571535e-06,1.4095902328528724e-05
12,2400,0.0001345923457739426,1.1787950740693278e-05,5.3847997683701895e-06,1.6220577892592165e-05
13,2600,2.4856773985314286e-05,3.1670606272041613e-06,1.8740417977890746e-06,3.672373256836512e-06
14,2800,6.877198228601534e-05,1.4115513501454805e-05,7.450126019906873e-06,1.2632152209785417e-05
15,3000,0.00013971834194825348,2.154998908302125e-05,4.1031227305737105e-06,3.1344268918545855e-05
16,3200,7.697858373560027e-05,1.409416131497382e-05,8.67282763989159e-06,1.0720252902558701e-05
17,3400,0.0001375377941057808,3.679506101641819e-05,9.277296006759032e-06,3.945636269176766e-05
18,3600,7.23935713234701e-05,1.2835627085498928e-05,7.0458418177244265e-06,1.3170057312815913e-05
19,3800,8.37296671270784e-05,1.2425791836947805e-05,9.53503163550581e-06,1.1682658898567622e-05
20,4000,0.00018976284050294047,1.7182501032366467e-05,8.807865920514902e-06,2.3688275019381523e-05
21,4200,1.0669210797366633e-05,7.158934597804264e-06,5.801187577427485e-06,6.803083019501338e-07
22,4400,3.321894238208476e-05,7.212297264584846e-06,5.335436038370807e-06,5.052562853975712e-06
23,4600,8.102854552617465e-05,8.606266108476795e-06,3.3945870771450668e-06,1.2658619652100264e-05
24,4800,0.00014163498369572955,1.4940203435525745e-05,8.36549095552043e-06,1.7593472813774802e-05
