,epoch,max,mean,min,std
0,0,0.08543411733853551,0.08499715598701356,0.08467310139500002,0.00014320204606902106
1,200,0.002417079257265724,0.0013810860234192929,1.432544937607093e-05,0.0007365955307545356
2,400,0.0012723605830615953,0.00036048883145608764,4.4474822124444065e-06,0.00040788581051968785
3,600,0.0010010200255362374,0.0003917517787555594,4.439294478382009e-06,0.0003428060787928276
4,800,0.0001302365899155595,7.611306430100484e-05,5.934979898519562e-05,1.3405305577295248e-05
5,1000,4.854554990720568e-05,9.566468974421042e-06,3.5039941902686997e-06,9.642186817963899e-06
6,1200,3.727436266203407e-05,5.69038024311637e-06,2.8144445868398186e-06,6.870925535614581e-06
7,1400,5.6285925166483924e-05,4.666648867244791e-06,3.363734745895453e-06,5.693852380834962e-06
8,1600,0.00024959880103094255,2.2766551089087292e-05,3.674156663391573e-06,4.925479396438494e-05
9,1800,0.0001437544201897656,3.365997527066987e-05,3.0152220655873096e-06,4.30403493629018e-05
10,2000,0.0002583854263080202,4.257262638776159e-05,3.9771028237002855e-06,5.783452918803924e-05
11,2200,5.0396689782182534e-05,6.592186765773846e-06,4.246823396509414e-06,7.817035698397365e-06
12,2400,0.00013152692933866844,1.2690721992016368e-05,5.09751709931128e-06,1.845931557597344e-05
13,2600,0.00011278829130296514,1.3263807604862327e-05,2.2223171524722207e-06,1.9174769079868658e-05
14,2800,6.69603571276005e-05,1.7147786226570025e-05,6.860015853351749e-06,1.4513331390691855e-05
15,3000,0.00012791673193121353,1.339602527043255e-05,3.2705844380841177e-06,2.5915938170439723e-05
16,3200,0.00010908162102894899,2.8024738823149688e-05,8.10811131521115e-06,2.0808095870012244e-05
17,3400,0.000148082171624399,3.262740826177965e-05,8.498630631143765e-06,3.9447205312052634e-05
18,3600,0.00010653523573554332,1.3616846084839165e-05,6.907955629601148e-06,1.7769069947802516e-05
19,3800,0.0009828679377827142,0.0002577460687010219,9.721094925503485e-06,0.00028327930869359607
20,4000,0.00012078023172474029,2.2889873790232624e-05,9.250834199571863e-06,2.72263715295541e-05
21,4200,7.281601093596482e-05,9.299933311499374e-06,5.9966252296125414e-06,9.383021223337654e-06
22,4400,3.732420104328346e-05,7.5836394833895774e-06,5.541197355243234e-06,5.255881605160871e-06
23,4600,0.00012130792525192116,9.438695231178891e-06,3.7680189480778994e-06,1.8735218122120378e-05
24,4800,0.00018927335640138407,2.7961674284819222e-05,8.43668864301954e-06,3.82456326385439e-05
