,epoch,max,mean,min,std
0,0,0.08503978419980919,0.08481898416088779,0.08464795757567128,8.030272798599167e-05
1,200,0.002477594799720905,0.0011891398227652234,1.254728713078066e-05,0.0009322629277572623
2,400,9.833480475220832e-05,1.986819409438915e-05,4.419833777132251e-06,2.3948031843657036e-05
3,600,0.0007976513069522167,0.00023377512091740595,4.243263512134459e-06,0.00020386032739305208
4,800,0.00014052536773605595,7.825304370114059e-05,5.8955007808013066e-05,1.4553425505332889e-05
5,1000,6.0782177794865224e-05,8.374770387457816e-06,3.416421034644794e-06,1.1731585614996307e-05
6,1200,6.226581893953419e-05,5.371152358304737e-06,2.8359225559020507e-06,7.717280050547472e-06
7,1400,4.9155476763448056e-05,8.29872295081189e-06,3.451307901519358e-06,1.0113559906019807e-05
8,1600,0.00029001167642074994,0.00011974445963328445,3.600585719642493e-06,6.881061454632708e-05
9,1800,0.00016334956640608317,2.035892296884864e-05,3.038123988399523e-06,4.157093454300984e-05
10,2000,0.00048497076148300045,0.00019716346395735735,3.6630023590167125e-06,0.00015363537131229813
11,2200,0.00011229655260797129,1.5000384467512494e-05,4.385421561507682e-06,2.277052581475888e-05
12,2400,6.525849507074679e-05,1.1816917519852287e-05,5.207517526497406e-06,1.2455199884546872e-05
13,2600,6.526929338668416e-05,1.0359084350273636e-05,2.4410127159069873e-06,1.2877540292771647e-05
14,2800,6.215154665109811e-05,1.3629942899454625e-05,6.995884773662551e-06,1.1576828956598816e-05
15,3000,0.00018384322743863948,2.0316383537196045e-05,3.222288673397221e-06,3.274485753633281e-05
16,3200,0.00011062186433517973,1.6669461175901008e-05,7.9119616861511e-06,1.7242164069003184e-05
17,3400,0.0001533422567768332,3.2435917334738305e-05,8.602697917704967e-06,3.9100268699527657e-05
18,3600,0.00010127882913029653,1.4996588444140667e-05,6.491805146168852e-06,1.7339821506431692e-05
19,3800,8.611811221704854e-05,1.4818235863699146e-05,9.77413720269032e-06,1.44579115669047e-05
20,4000,0.0001841112867320736,2.565365172939183e-05,8.796711616140041e-06,3.763487622168527e-05
21,4200,0.00017204339736378693,8.874671541335006e-05,6.6136718546048294e-06,6.86079537273403e-05
22,4400,0.00011675151057760309,1.1608959754320514e-05,5.4385540224320175e-06,1.658865852900671e-05
23,4600,0.00013974693968606567,1.955082328259312e-05,3.4237781290197023e-06,3.5710194141127045e-05
24,4800,0.00011224623957547191,1.4187246358238287e-05,7.818692715527265e-06,2.0051072548144695e-05
