,epoch,max,mean,min,std
0,0,122.0,122.0,122.0,0.0
1,200,0.6666666666666666,0.18666666666666668,0.0,0.28409701003550025
2,400,1.6666666666666667,0.65,0.0,0.7262919523166976
3,600,1.6666666666666667,0.8366666666666669,0.0,0.7431090842609253
4,800,0.3333333333333333,0.01,0.0,0.05686240703077326
5,1000,0.0,0.0,0.0,0.0
6,1200,0.0,0.0,0.0,0.0
7,1400,0.0,0.0,0.0,0.0
8,1600,0.3333333333333333,0.02333333333333333,0.0,0.08504900548115382
9,1800,0.0,0.0,0.0,0.0
10,2000,0.6666666666666666,0.016666666666666666,0.0,0.08660254037844385
11,2200,0.3333333333333333,0.013333333333333332,0.0,0.06531972647421808
12,2400,0.3333333333333333,0.013333333333333332,0.0,0.06531972647421808
13,2600,0.0,0.0,0.0,0.0
14,2800,0.3333333333333333,0.01,0.0,0.05686240703077326
15,3000,0.3333333333333333,0.006666666666666666,0.0,0.04666666666666667
16,3200,0.0,0.0,0.0,0.0
17,3400,0.6666666666666666,0.1833333333333333,0.0,0.17240134054647668
18,3600,0.3333333333333333,0.026666666666666665,0.0,0.09043106644167023
19,3800,0.3333333333333333,0.013333333333333332,0.0,0.06531972647421809
20,4000,0.0,0.0,0.0,0.0
21,4200,0.3333333333333333,0.02,0.0,0.07916228058025276
22,4400,0.0,0.0,0.0,0.0
23,4600,0.0,0.0,0.0,0.0
24,4800,0.3333333333333333,0.006666666666666666,0.0,0.046666666666666676
