,epoch,max,mean,min,std
0,0,0.08341253674771554,0.08309640171418142,0.08288235850754112,9.189805834961574e-05
1,200,0.00031046411830725564,9.674447926658616e-05,1.3063610603018524e-05,0.00012214337191971523
2,400,0.0012312020629206325,0.00038993717645505416,4.62228332278313e-06,0.0003780988573300508
3,600,0.0007957176532724398,0.0004042640320933286,4.712769111077454e-06,0.00034600435710750976
4,800,0.00020649983106730513,7.622818341042102e-05,6.038612447685881e-05,2.185589360470496e-05
5,1000,5.222233872752904e-05,7.104889727727098e-06,3.560402176319131e-06,9.670663171434555e-06
6,1200,9.086947910477326e-05,5.862473252323309e-06,2.944348003940468e-06,1.0560856165209142e-05
7,1400,5.819181174813624e-05,7.168322983778577e-06,3.326744310981143e-06,9.447576866588688e-06
8,1600,0.0001603608816603819,3.718009001976707e-05,3.734253984157867e-06,5.420764491748691e-05
9,1800,0.00014256806175299061,8.846811055576915e-06,2.688942481330024e-06,2.4789172386785496e-05
10,2000,0.0002528838299695662,2.761488653030367e-05,4.40817245892217e-06,5.2789132957638035e-05
11,2200,0.00010285075540746438,1.8438879374288833e-05,4.233155598015267e-06,2.444921736690406e-05
12,2400,0.0001172792904050113,1.3961453571987983e-05,5.885330299017342e-06,1.7209100417667075e-05
13,2600,0.00013015416241098673,1.236418782208863e-05,1.8340524299770744e-06,2.2078648478998155e-05
14,2800,6.150444597195847e-05,1.2072617757738864e-05,6.8235863699147035e-06,1.2166676468696214e-05
15,3000,0.0001605107851551527,9.999359220812508e-06,3.703056451999166e-06,1.9926219120881428e-05
16,3200,5.9540425399710286e-05,1.1792904050112817e-05,8.007927538877173e-06,8.375074729878005e-06
17,3400,0.0003021003317812238,0.00010391144949430227,8.978805095683218e-06,8.731449018090414e-05
18,3600,0.00010362383284336383,1.7896567883111523e-05,7.4770516908156265e-06,2.2581309665148856e-05
19,3800,9.979663351443437e-05,1.5305404422282545e-05,9.434858646700245e-06,1.8291276221013915e-05
20,4000,0.00010728339398081809,1.169317421297429e-05,8.053882409899325e-06,1.0534075195214641e-05
21,4200,9.805462027684252e-05,1.4141842622042545e-05,6.070055935492305e-06,1.9016895392230384e-05
22,4400,4.436975159774083e-05,8.388805393419001e-06,5.136330626526706e-06,7.951435049345823e-06
23,4600,0.00010956845139851676,5.298516369642859e-06,3.380854553480466e-06,1.0638436479304413e-05
24,4800,0.00010675225923207471,1.6052595673510705e-05,8.441974531939929e-06,1.9066187743013637e-05
