,epoch,max,mean,min,std
0,0,141.0,141.0,141.0,0.0
1,200,5.333333333333333,2.39,0.0,2.0715292257975344
2,400,0.3333333333333333,0.03666666666666667,0.0,0.10429658564774674
3,600,1.3333333333333333,0.5366666666666667,0.0,0.46879277582602175
4,800,0.3333333333333333,0.006666666666666666,0.0,0.04666666666666667
5,1000,0.3333333333333333,0.006666666666666666,0.0,0.04666666666666667
6,1200,0.3333333333333333,0.003333333333333333,0.0,0.033166247903554
7,1400,0.3333333333333333,0.003333333333333333,0.0,0.033166247903554
8,1600,0.6666666666666666,0.23999999999999994,0.0,0.17048949136725897
9,1800,0.3333333333333333,0.016666666666666666,0.0,0.0726483157256779
10,2000,0.6666666666666666,0.20999999999999994,0.0,0.19238272040677434
11,2200,0.3333333333333333,0.013333333333333332,0.0,0.06531972647421808
12,2400,0.3333333333333333,0.01,0.0,0.05686240703077326
13,2600,0.0,0.0,0.0,0.0
14,2800,0.3333333333333333,0.01,0.0,0.056862407030773256
15,3000,0.3333333333333333,0.016666666666666666,0.0,0.0726483157256779
16,3200,0.3333333333333333,0.01,0.0,0.05686240703077326
17,3400,0.3333333333333333,0.016666666666666666,0.0,0.0726483157256779
18,3600,0.3333333333333333,0.006666666666666666,0.0,0.04666666666666667
19,3800,0.3333333333333333,0.01,0.0,0.056862407030773256
20,4000,0.3333333333333333,0.013333333333333332,0.0,0.06531972647421809
21,4200,0.3333333333333333,0.18666666666666662,0.0,0.16546231527987812
22,4400,0.6666666666666666,0.01,0.0,0.07386173268720111
23,4600,0.3333333333333333,0.016666666666666666,0.0,0.0726483157256779
24,4800,0.3333333333333333,0.003333333333333333,0.0,0.033166247903554
