,epoch,max,mean,min,std
0,0,142.0,142.0,142.0,0.0
1,200,5.333333333333333,3.0066666666666673,0.0,1.6679861443602515
2,400,2.3333333333333335,0.7099999999999999,0.0,0.7925416217601585
3,600,2.3333333333333335,0.87,0.0,0.7844247715506071
4,800,0.3333333333333333,0.003333333333333333,0.0,0.033166247903554
5,1000,0.0,0.0,0.0,0.0
6,1200,0.0,0.0,0.0,0.0
7,1400,0.3333333333333333,0.003333333333333333,0.0,0.033166247903554
8,1600,0.3333333333333333,0.01,0.0,0.05686240703077327
9,1800,0.3333333333333333,0.03,0.0,0.09539392014169458
10,2000,0.3333333333333333,0.03,0.0,0.09539392014169458
11,2200,0.0,0.0,0.0,0.0
12,2400,0.3333333333333333,0.01,0.0,0.05686240703077327
13,2600,0.3333333333333333,0.003333333333333333,0.0,0.033166247903554
14,2800,0.3333333333333333,0.016666666666666666,0.0,0.0726483157256779
15,3000,0.3333333333333333,0.016666666666666666,0.0,0.0726483157256779
16,3200,0.3333333333333333,0.006666666666666666,0.0,0.04666666666666667
17,3400,0.3333333333333333,0.03,0.0,0.09539392014169458
18,3600,0.3333333333333333,0.01,0.0,0.05686240703077327
19,3800,1.6666666666666667,0.5133333333333333,0.0,0.6026238922873499
20,4000,0.3333333333333333,0.013333333333333332,0.0,0.06531972647421808
21,4200,0.3333333333333333,0.003333333333333333,0.0,0.033166247903554
22,4400,0.0,0.0,0.0,0.0
23,4600,0.0,0.0,0.0,0.0
24,4800,0.3333333333333333,0.02,0.0,0.07916228058025275
