,epoch,max,mean,min,std
0,0,135.0,135.0,135.0,0.0
1,200,6.333333333333333,2.9566666666666657,0.0,2.2254362868135913
2,400,1.6666666666666667,1.1666666666666667,0.0,0.6920179830675565
3,600,1.6666666666666667,0.5466666666666667,0.0,0.3697446566363213
4,800,0.0,0.0,0.0,0.0
5,1000,0.3333333333333333,0.006666666666666666,0.0,0.04666666666666667
6,1200,0.3333333333333333,0.006666666666666666,0.0,0.04666666666666667
7,1400,0.0,0.0,0.0,0.0
8,1600,0.0,0.0,0.0,0.0
9,1800,0.3333333333333333,0.006666666666666666,0.0,0.04666666666666667
10,2000,0.6666666666666666,0.03,0.0,0.10640593133008243
11,2200,0.3333333333333333,0.003333333333333333,0.0,0.033166247903554
12,2400,0.0,0.0,0.0,0.0
13,2600,0.0,0.0,0.0,0.0
14,2800,0.3333333333333333,0.016666666666666666,0.0,0.0726483157256779
15,3000,0.3333333333333333,0.006666666666666666,0.0,0.04666666666666667
16,3200,0.3333333333333333,0.006666666666666666,0.0,0.04666666666666667
17,3400,0.3333333333333333,0.026666666666666665,0.0,0.09043106644167023
18,3600,0.3333333333333333,0.013333333333333332,0.0,0.06531972647421809
19,3800,0.3333333333333333,0.003333333333333333,0.0,0.033166247903554
20,4000,0.3333333333333333,0.013333333333333332,0.0,0.06531972647421809
21,4200,0.0,0.0,0.0,0.0
22,4400,0.0,0.0,0.0,0.0
23,4600,0.3333333333333333,0.006666666666666666,0.0,0.04666666666666667
24,4800,0.3333333333333333,0.003333333333333333,0.0,0.033166247903554
