,epoch,max,mean,min,std
0,0,142.0,142.0,142.0,0.0
1,200,4.333333333333333,2.9133333333333327,0.0,1.413914974655674
2,400,0.3333333333333333,0.03666666666666667,0.0,0.10429658564774676
3,600,4.333333333333333,2.7766666666666655,0.0,1.4735105474116337
4,800,0.3333333333333333,0.006666666666666666,0.0,0.04666666666666667
5,1000,0.6666666666666666,0.016666666666666666,0.0,0.08660254037844387
6,1200,0.0,0.0,0.0,0.0
7,1400,0.3333333333333333,0.006666666666666666,0.0,0.04666666666666667
8,1600,0.6666666666666666,0.03,0.0,0.10640593133008243
9,1800,0.3333333333333333,0.02,0.0,0.07916228058025278
10,2000,0.3333333333333333,0.02,0.0,0.07916228058025275
11,2200,0.3333333333333333,0.013333333333333332,0.0,0.06531972647421808
12,2400,0.0,0.0,0.0,0.0
13,2600,0.6666666666666666,0.013333333333333332,0.0,0.08055363982396382
14,2800,0.3333333333333333,0.013333333333333332,0.0,0.06531972647421808
15,3000,0.3333333333333333,0.02,0.0,0.07916228058025276
16,3200,0.3333333333333333,0.03666666666666667,0.0,0.10429658564774674
17,3400,0.3333333333333333,0.15,0.0,0.16583123951776996
18,3600,0.3333333333333333,0.026666666666666665,0.0,0.09043106644167023
19,3800,0.6666666666666666,0.04666666666666666,0.0,0.12489995996796797
20,4000,0.3333333333333333,0.02,0.0,0.07916228058025275
21,4200,0.3333333333333333,0.02,0.0,0.07916228058025275
22,4400,0.3333333333333333,0.013333333333333332,0.0,0.06531972647421808
23,4600,0.3333333333333333,0.02,0.0,0.07916228058025275
24,4800,0.3333333333333333,0.01,0.0,0.056862407030773256
