,epoch,max,mean,min,std
0,0,0.08536450937673544,0.08491607813827542,0.08457233625718504,0.00022166459105319537
1,200,0.0018848449789017523,0.0013343843773287577,1.4267897912009149e-05,0.0005613428363437907
2,400,6.556856099980539e-05,1.7233463150450208e-05,4.546921649318163e-06,1.8076426290635842e-05
3,600,0.0021337010693892665,0.001293163308509073,3.9259591515134256e-06,0.0006282831581094274
4,800,0.00011034182009768321,7.587894257194527e-05,6.07913148314276e-05,1.1700703046363542e-05
5,1000,9.019880767606003e-05,1.3411646043069855e-05,3.6116213612048542e-06,1.5767948298050982e-05
6,1200,5.753224068615585e-05,5.612957504473588e-06,2.7593850418405075e-06,8.09792581858749e-06
7,1400,5.6379075474295274e-05,8.217796099316026e-06,3.3880606224576493e-06,1.1027975770543228e-05
8,1600,0.00029012606737199853,2.642185341820098e-05,3.859389313701757e-06,5.530647925565259e-05
9,1800,0.000133679591420204,1.8028597737812146e-05,3.0479730018368996e-06,3.6250750641569126e-05
10,2000,0.00015056851353468042,2.837657762209217e-05,3.6276408408921545e-06,3.9349904034505315e-05
11,2200,7.06741471703666e-05,1.0634929110835811e-05,4.312918583071088e-06,1.4681319129975068e-05
12,2400,9.269037075009138e-05,1.1464582710353566e-05,5.230182123684622e-06,1.3929653622573715e-05
13,2600,0.00011054058030861822,1.3597845795301901e-05,1.9572244293505345e-06,2.0156962257454366e-05
14,2800,9.005012317199938e-05,1.4482899502090837e-05,7.182066726472725e-06,1.447678352464848e-05
15,3000,0.00012823996943245954,1.957185389285223e-05,3.2575315287092806e-06,3.093629180961211e-05
16,3200,0.0001107462229626782,2.8216058875741053e-05,7.81904870396476e-06,2.6529639635456993e-05
17,3400,0.0003951959360359975,7.452265273090599e-05,8.599850010205002e-06,7.331302888241861e-05
18,3600,0.00012686419278435174,2.336465082280794e-05,6.388449836482645e-06,2.6111932110326225e-05
19,3800,0.00011432473739919593,2.5321800494586606e-05,9.691310559566357e-06,2.5808156013241264e-05
20,4000,0.0001794427356999445,2.6591779752326974e-05,9.052073988636848e-06,3.350414184858268e-05
21,4200,8.785569178046432e-05,1.5121764658417229e-05,6.232289575234596e-06,1.620714426950119e-05
22,4400,0.00010015343101656057,1.3879277201076507e-05,5.569913755867876e-06,1.8526178537776145e-05
23,4600,0.00023408340097113648,2.0777310246296536e-05,3.894157517763823e-06,3.95406447369264e-05
24,4800,0.00015065050953811686,2.3139833444876376e-05,7.70560705521618e-06,3.1966214402495444e-05
