,epoch,mean
0,0,0.0
1,200,0.8413194453694455
2,400,1.0
3,600,0.853428501128501
4,800,0.8989222222222222
5,1000,0.8717145262145263
6,1200,0.8500043697043697
7,1400,0.8459739132327367
8,1600,0.9840527775713283
9,1800,0.8268908261577341
10,2000,0.9296444444444444
11,2200,0.9928888888888889
12,2400,0.8834206349206349
13,2600,0.9047047619047619
14,2800,0.8912349206349206
15,3000,0.8643396825396825
16,3200,0.9587777777777778
17,3400,0.998
18,3600,1.0
19,3800,0.9708888888888889
20,4000,0.9100412698412698
21,4200,0.9922222222222221
22,4400,0.9902222222222222
23,4600,0.9942222222222221
24,4800,1.0
