,epoch,mean
0,0,0.0
1,200,0.8768888888888889
2,400,1.0
3,600,0.951
4,800,1.0
5,1000,0.9913
6,1200,1.0
7,1400,0.9998333333333334
8,1600,0.9489333333333334
9,1800,0.9581666666666667
10,2000,0.9457666666666666
11,2200,0.9852000000000001
12,2400,0.8646666666666666
13,2600,0.9080396825396825
14,2800,0.8922888888888889
15,3000,0.9421
16,3200,0.988
17,3400,0.9613666666666667
18,3600,0.9352666666666667
19,3800,0.9558666666666666
20,4000,0.9566333333333333
21,4200,1.0
22,4400,0.9645
23,4600,0.9758
24,4800,0.9682666666666666
