,epoch,mean
0,0,
1,200,0.8389777777777777
2,400,1.0
3,600,1.0
4,800,1.0
5,1000,0.9996190476190476
6,1200,0.9856190476190477
7,1400,0.997904761904762
8,1600,0.9720714285714286
9,1800,0.9670904761904763
10,2000,0.9731190476190476
11,2200,0.988
12,2400,0.9455317460317461
13,2600,0.9532571428571428
14,2800,0.9514523809523809
15,3000,0.9722333333333334
16,3200,0.9925714285714285
17,3400,0.9788809523809523
18,3600,0.9623333333333334
19,3800,0.973047619047619
20,4000,0.986
21,4200,1.0
22,4400,0.9787142857142856
23,4600,0.9868333333333333
24,4800,0.9829285714285715
