,epoch,mean
0,0,0.0
1,200,0.7072308363749541
2,400,0.7559614803497157
3,600,0.7594550264550265
4,800,0.9370424284865462
5,1000,0.8775948179271709
6,1200,0.9472307656395892
7,1400,0.8968746031746032
8,1600,0.9265636589989531
9,1800,0.9901746031746032
10,2000,0.918131746031746
11,2200,0.9799523809523809
12,2400,0.9736428571428571
13,2600,0.9646214285714286
14,2800,1.0
15,3000,0.9721269841269841
16,3200,0.9960992063492062
17,3400,0.9901031746031745
18,3600,0.994170634920635
19,3800,0.9932214285714285
20,4000,0.9626984126984126
21,4200,0.987638888888889
22,4400,0.9884944444444446
23,4600,0.9737460317460318
24,4800,0.9792904761904763
