,epoch,mean
0,0,0.0
1,200,0.7256806255835668
2,400,0.7735645502645503
3,600,0.8070753968253969
4,800,0.9410565741448095
5,1000,0.8799695767195768
6,1200,0.960139393939394
7,1400,0.8775119047619048
8,1600,0.9724930230478056
9,1800,0.9886666666666666
10,2000,0.9135936267436269
11,2200,0.9837476190476191
12,2400,0.9802436507936508
13,2600,0.9558333333333333
14,2800,1.0
15,3000,0.9742936507936508
16,3200,0.9960039682539682
17,3400,0.9923888888888889
18,3600,0.9953611111111111
19,3800,0.9923642857142856
20,4000,0.9663269841269841
21,4200,0.9848722222222223
22,4400,0.9852650793650793
23,4600,0.965111111111111
24,4800,0.9876825396825397
