,epoch,mean
0,0,0.5
1,200,0.9600125798993608
2,400,1.0
3,600,0.999140350877193
4,800,1.0
5,1000,0.999845029239766
6,1200,1.0
7,1400,0.9999970760233918
8,1600,0.9988982373774812
9,1800,0.974078947368421
10,2000,0.9855701754385965
11,2200,0.9997368421052631
12,2400,0.9722599509526505
13,2600,0.983701754385965
14,2800,0.9732777777777778
15,3000,0.9866754385964912
16,3200,0.9997894736842106
17,3400,0.9991608187134502
18,3600,0.9985847953216374
19,3800,0.9990526315789473
20,4000,0.9990730994152046
21,4200,1.0
22,4400,0.9992485380116959
23,4600,0.9994736842105263
24,4800,0.9993157894736842
