,epoch,mean
0,0,0.3415781022068507
1,200,0.853155416745759
2,400,0.8767934357612183
3,600,0.8876561257053555
4,800,0.937070774844253
5,1000,0.9156281162584684
6,1200,0.9583833018262946
7,1400,0.9223217464144678
8,1600,0.9581262922428375
9,1800,0.9763103515484023
10,2000,0.9264082729764309
11,2200,0.9770298702132416
12,2400,0.9768752589415697
13,2600,0.9595953802936928
14,2800,0.9858315144281627
15,3000,0.9698245890894747
16,3200,0.9836013542854444
17,3400,0.9800709524347001
18,3600,0.9819047209377894
19,3800,0.9827363830146219
20,4000,0.967612250103588
21,4200,0.9763815939587839
22,4400,0.9789954609231297
23,4600,0.9646507224605121
24,4800,0.9754583197511469
