,epoch,mean
0,0,0.03903514291982755
1,200,0.0028752016341230644
2,400,0.002423466640963614
3,600,0.001957431670012247
4,800,0.0008956922957358381
5,1000,0.0013269562769205677
6,1200,0.000850447150174691
7,1400,0.0014260354708804282
8,1600,0.0014647751369648383
9,1800,0.0005637565391822166
10,2000,0.0013063410622707306
11,2200,0.000533793058649478
12,2400,0.0007408305684080541
13,2600,0.0010614964496937175
14,2800,0.0004987969449628505
15,3000,0.0007284067773711758
16,3200,0.00029169559970419127
17,3400,0.000392561273979508
18,3600,0.00041090279544710916
19,3800,0.0003740084764064259
20,4000,0.0006652678370978513
21,4200,0.0005164449010170298
22,4400,0.0005039224226476719
23,4600,0.0006736852933357765
24,4800,0.0005244538174169138
