,epoch,mean
0,0,0.5
1,200,0.8421719576543583
2,400,0.8672015241362173
3,600,0.8717474235881396
4,800,0.9667021366497095
5,1000,0.9337102767143421
6,1200,0.971149743492942
7,1400,0.9418609818386533
8,1600,0.9619862791911723
9,1800,0.9943836675020885
10,2000,0.9547854427419207
11,2200,0.9893352994555354
12,2400,0.985827779676464
13,2600,0.9797220299910732
14,2800,1.0
15,3000,0.9846344845263629
16,3200,0.9977993525480368
17,3400,0.9945831168831168
18,3600,0.9968325985418092
19,3800,0.9961481521201122
20,4000,0.9798650395104261
21,4200,0.9931742804789723
22,4400,0.9932860212181447
23,4600,0.9846513895062187
24,4800,0.9890072248490894
