,epoch,mean
0,0,
1,200,
2,400,
3,600,0.8470846950491163
4,800,0.9386505042604174
5,1000,0.9554523587777637
6,1200,0.9501007765145661
7,1400,0.912516064469773
8,1600,0.9458746319530499
9,1800,0.9893626373626373
10,2000,0.9149220557220556
11,2200,0.9813545861545862
12,2400,0.9766778388278389
13,2600,0.959382400932401
14,2800,1.0
15,3000,0.9730698967698967
16,3200,0.9960479242979243
17,3400,0.9909996336996337
18,3600,0.9947235042735042
19,3800,0.9927642857142858
20,4000,0.9747467717467717
21,4200,0.9860089225589226
22,4400,0.986524814074814
23,4600,0.9684486513486513
24,4800,0.9813115995115995
