,epoch,mean
0,0,0.0
1,200,1.0
2,400,1.0
3,600,1.0
4,800,1.0
5,1000,0.9993333333333333
6,1200,0.9828888888888889
7,1400,0.9963333333333334
8,1600,0.9552
9,1800,0.9453111111111111
10,2000,0.9603333333333334
11,2200,0.9801
12,2400,0.9130825396825396
13,2600,0.9255746031746032
14,2800,0.9228666666666667
15,3000,0.9566555555555556
16,3200,0.987
17,3400,0.9660666666666666
18,3600,0.9396333333333333
19,3800,0.9565333333333333
20,4000,0.9772000000000001
21,4200,1.0
22,4400,0.9654
23,4600,0.9788333333333333
24,4800,0.9725
