,epoch,mean
0,0,
1,200,0.8764603174603174
2,400,1.0
3,600,0.972
4,800,1.0
5,1000,0.995
6,1200,1.0
7,1400,0.999904761904762
8,1600,0.9682301587301587
9,1800,0.9523619047619047
10,2000,0.9567380952380952
11,2200,0.9915
12,2400,0.893711111111111
13,2600,0.9307989417989417
14,2800,0.9138597883597883
15,3000,0.9553809523809524
16,3200,0.9931428571428571
17,3400,0.975952380952381
18,3600,0.9595952380952381
19,3800,0.9726666666666668
20,4000,0.9731904761904762
21,4200,1.0
22,4400,0.9781428571428571
23,4600,0.9849285714285715
24,4800,0.9803095238095239
