,epoch,mean
0,0,1.0
1,200,0.8830036965330291
2,400,0.8879612635687185
3,600,0.9073811287586191
4,800,0.9779709164855542
5,1000,0.9432495507656781
6,1200,0.972152478487551
7,1400,0.9320232388344291
8,1600,0.9632174197357942
9,1800,0.990155370595588
10,2000,0.9489131845669342
11,2200,0.9925511174815523
12,2400,0.995111471861472
13,2600,0.9721182327334502
14,2800,1.0
15,3000,0.9858837417981281
16,3200,0.9990240969175752
17,3400,0.9945086344412432
18,3600,0.9970073658225833
19,3800,0.9982316927034318
20,4000,0.9841486928104576
21,4200,0.9911663223817955
22,4400,0.9921431803348683
23,4600,0.9742712383217612
24,4800,0.9922341269841269
