,epoch,mean
0,0,0.5
1,200,0.9199519604652375
2,400,0.9281494775902583
3,600,0.9378337999469257
4,800,0.9773066307104006
5,1000,0.9591078313155659
6,1200,0.9790895146304418
7,1400,0.9546009392773697
8,1600,0.9762164298192703
9,1800,0.9905372746765324
10,2000,0.9625222210351474
11,2200,0.9909594823873074
12,2400,0.9921836273377178
13,2600,0.9794306785210632
14,2800,0.9963426317827433
15,3000,0.9871592634539281
16,3200,0.9954660900007399
17,3400,0.9930766223646917
18,3600,0.9941706299964285
19,3800,0.9949010020835943
20,4000,0.9850812188957101
21,4200,0.9903716919917533
22,4400,0.9916214556520414
23,4600,0.9816952442509502
24,4800,0.99053666651495
