,epoch,mean
0,0,0.5
1,200,0.887
2,400,1.0
3,600,1.0
4,800,1.0
5,1000,0.9999883040935672
6,1200,0.9943709136228549
7,1400,0.9999356725146199
8,1600,0.9990233918128655
9,1800,0.9988503499185122
10,2000,0.9954122807017544
11,2200,0.9995994152046783
12,2400,0.9980234876809511
13,2600,0.9983258556226633
14,2800,0.9982719298245614
15,3000,0.9980644712875082
16,3200,0.9997719298245614
17,3400,0.9992631578947369
18,3600,0.9986812865497076
19,3800,0.9990643274853801
20,4000,0.9995204678362573
21,4200,1.0
22,4400,0.9992690058479532
23,4600,0.9995409356725146
24,4800,0.999406432748538
