,epoch,mean
0,0,0.2092155696155696
1,200,0.8280475909483146
2,400,0.8678258639910814
3,600,0.8716521633278155
4,800,0.9022774673045687
5,1000,0.8918713626550583
6,1200,0.9484589805938742
7,1400,0.9142154240338298
8,1600,0.9575344213575188
9,1800,0.9636302829014324
10,2000,0.9072832933814265
11,2200,0.9628832583211995
12,2400,0.9604375867097307
13,2600,0.9488602508982765
14,2800,0.9725407891019656
15,3000,0.9553467920967921
16,3200,0.9691392966775575
17,3400,0.9672229452243944
18,3600,0.9679333254761416
19,3800,0.9682958842915003
20,4000,0.9528357199117712
21,4200,0.9627299185040439
22,4400,0.9672196504275781
23,4600,0.9572570559874908
24,4800,0.9603085025434898
