,epoch,mean
0,0,0.5
1,200,0.9526638052768487
2,400,1.0
3,600,0.9942463768115942
4,800,0.9973710144927536
5,1000,0.9958057971014492
6,1200,0.9895371980676329
7,1400,0.9922608695652174
8,1600,0.9982534435261708
9,1800,0.985695652173913
10,2000,0.9988231884057972
11,2200,0.9999072463768116
12,2400,0.9969246376811595
13,2600,0.9973275362318841
14,2800,0.9972579710144928
15,3000,0.9946975845410627
16,3200,0.9993652173913044
17,3400,0.9999739130434782
18,3600,1.0
19,3800,0.999568115942029
20,4000,0.997840579710145
21,4200,0.9998985507246377
22,4400,0.999872463768116
23,4600,0.9999101449275363
24,4800,1.0
