,epoch,mean
0,0,
1,200,0.8536327579144267
2,400,1.0
3,600,0.8815024568024568
4,800,0.9250984126984128
5,1000,0.8995283235283236
6,1200,0.8709641691641692
7,1400,0.8699976736026271
8,1600,0.9912875935819904
9,1800,0.844353736528748
10,2000,0.9539809523809525
11,2200,0.9957333333333334
12,2400,0.9125481481481481
13,2600,0.9281174603174603
14,2800,0.9197100529100529
15,3000,0.8908022126022126
16,3200,0.9737777777777779
17,3400,0.9987999999999999
18,3600,1.0
19,3800,0.9817333333333333
20,4000,0.9343851851851851
21,4200,0.9953333333333334
22,4400,0.9941333333333333
23,4600,0.9963111111111111
24,4800,1.0
