,epoch,mean
0,0,0.11035747408259622
1,200,0.0010872707198431408
2,400,0.00051912821719696
3,600,0.00031064029053403015
4,800,4.326736386462774e-05
5,1000,1.2004972856421016e-05
6,1200,3.110091918372067e-05
7,1400,8.891863916623623e-06
8,1600,5.303845581277339e-06
9,1800,7.832532122023342e-06
10,2000,1.4021271258442859e-05
11,2200,1.5807755779849843e-05
12,2400,1.2773638840452887e-05
13,2600,9.628444835384473e-06
14,2800,1.4725746917679506e-05
15,3000,2.758495066431757e-05
16,3200,1.3716479395173487e-05
17,3400,2.375581654901788e-05
18,3600,1.7120158589612646e-05
19,3800,5.9302848295850986e-05
20,4000,1.1486420616088693e-05
21,4200,1.539512162075279e-05
22,4400,6.021699883624144e-05
23,4600,9.5667990512153e-06
24,4800,8.181830285425055e-06
