,epoch,max,mean,min,std
0,0,0.032640935727474236,0.03254853981801871,0.032470918972285115,3.623471436266054e-05
1,200,0.02541123328634286,0.024469652619837575,0.0066543106402570705,0.0024930401882403003
2,400,0.01444336660638596,0.013324747306116831,0.00028868858606139136,0.002981864829364964
3,600,0.0012844399827226943,0.0008790111258252997,0.0001269048466639137,0.000252859027080479
4,800,0.0027463502641434205,0.001214160986515158,8.888452209738893e-05,0.000934215253226408
5,1000,0.0005227322824554658,0.00035511016560582106,7.934032969275824e-05,8.94262737045172e-05
6,1200,0.0032826913675177167,0.002408128077994694,7.262885594809213e-05,0.000865204049688028
7,1400,0.00031994209254750073,0.00017363794077301703,6.322848287220965e-05,9.275855429950164e-05
8,1600,0.00041791798975702603,0.00015221112487599737,5.368220200207896e-05,0.00012652617004162294
9,1800,0.000401125208253236,0.00023013091261195838,0.0001516945524276038,5.517898574358159e-05
10,2000,0.0006010526815422368,0.00036072241255737347,0.00010659271600191757,0.0001415969851195678
11,2200,0.0002282491539341469,8.91531357834831e-05,4.481486227993982e-05,6.79448294272848e-05
12,2400,0.005508984863371637,0.005125772933487122,0.00013097697466786276,0.0011112803472266583
13,2600,0.0005113905857671077,0.00021549038498962892,8.513468229218582e-05,0.00013597085360428322
14,2800,0.0002151754548345603,0.00015237790973082527,8.105771284548677e-05,4.833367252663898e-05
15,3000,0.0005638025260939525,0.00032915313578348314,8.287553220271404e-05,0.00014802358007437737
16,3200,0.00042075659409249053,0.00014268413952848142,7.098257555261271e-05,8.818825319980023e-05
17,3400,0.0010213383266644835,0.0008960836079190814,9.428424964757144e-05,0.0002617153605378563
18,3600,0.0004589873790232627,0.0002563486180528856,8.477052985319037e-05,9.598910668134485e-05
19,3800,0.0012813298778722333,0.0011903270128772886,8.403937706769949e-05,0.0002718416252636092
20,4000,0.00010784171330115198,0.00010444183481187197,0.0001012305808307346,1.6905337855508857e-06
21,4200,2.2212539336722344e-05,2.1455881640964302e-05,2.0810419544239867e-05,3.1209640728866844e-07
22,4400,0.0003050351953901871,0.00011087657548616153,7.442142385881972e-05,4.449195686186922e-05
23,4600,0.0002619824284107252,8.359258404887007e-05,5.2965383684337935e-05,4.856009194759076e-05
24,4800,0.0003193357730407583,0.0002046903935333514,6.538311475643272e-05,8.467912661089705e-05
