,epoch,max,mean,min,std
0,0,0.04463203020205903,0.044378503220983384,0.04401498483489256,0.00016839458313022245
1,200,0.006104291084625572,0.005332889600153787,0.0003047970865906275,0.0012459588543183985
2,400,0.001668985860139263,0.001036117587252766,3.0050194369686872e-05,0.0003113951776493167
3,600,0.0015638621897560766,0.0006441405506429151,2.503930112349951e-05,0.0003110493923808502
4,800,0.0019191073945918236,0.0011350020376778164,1.368084924601649e-05,0.0005011210954036647
5,1000,0.0018922173095817852,0.0011735985518390366,1.7881370413088982e-05,0.0004072597642099325
6,1200,0.0016991708317313857,0.001208229411764706,1.5107864496561152e-05,0.0003617507156012908
7,1400,0.0017737524029219534,0.0009838878230595072,1.3896791832201288e-05,0.0005919678080485522
8,1600,0.0015666051518646678,0.0007854819983766929,1.7382630612157715e-05,0.00036335352960949777
9,1800,0.001591278140885984,0.0010802875923789997,2.1420607458669742e-05,0.00034200310883133084
10,2000,0.0014698167371523772,0.0009378807381776238,1.4610833440129864e-05,0.000405637252215799
11,2200,0.002146187363834423,0.0013817263039856468,1.0293049681746336e-05,0.0007178819330304594
12,2400,0.0015439134520910764,0.0011472448289119573,1.2589388696655133e-05,0.0004889572843488552
13,2600,0.0014747996497073777,0.0008926994403861763,1.0855226622239309e-05,0.00044697120804415314
14,2800,0.001999788542868128,0.0012974425904566623,1.0211670724934854e-05,0.0004784932521671686
15,3000,0.0015669806484685377,0.0009887746721346491,1.3135759750523304e-05,0.00033138219294354294
16,3200,0.0015216282199154172,0.0008338378956811484,9.139647144260753e-06,0.00044578247314285913
17,3400,0.0018770756973813493,0.0011353650155922937,1.3151565637148106e-05,0.00042852685554434553
18,3600,0.0013389785979751377,0.00046914380580118765,1.1503267973856209e-05,0.00033047805408006236
19,3800,0.0018711476355247985,0.0009304286791405017,1.0692041522491348e-05,0.0006033325803784957
20,4000,0.0015221419112307233,0.0009264164893844251,7.962962962962961e-06,0.0004723388819649082
21,4200,0.0010547789311803155,0.0004433136656841386,8.515741808706052e-06,0.00021352201602296635
22,4400,0.0020208402751078643,0.001159657095561536,1.0196932803622539e-05,0.0005813794948003598
23,4600,0.0010411117518902984,0.0005089958242556283,9.188559955572642e-06,0.0002599150280996733
24,4800,0.0012780240505788373,0.0006104891323849802,1.0658507411679268e-05,0.00044812192450048555
