,epoch,max,mean,min,std
0,0,78.0,78.0,78.0,0.0
1,200,16.666666666666668,14.990000000000004,0.6666666666666666,3.0256147217457223
2,400,4.666666666666667,3.0933333333333337,0.0,0.9534498763263158
3,600,3.6666666666666665,1.5799999999999996,0.0,0.8506468127254695
4,800,3.6666666666666665,2.29,0.0,0.9459328141516652
5,1000,3.6666666666666665,2.463333333333334,0.0,0.8217799110602683
6,1200,4.0,2.7433333333333336,0.0,0.9331606983199031
7,1400,4.333333333333333,2.253333333333333,0.0,1.2464349160706305
8,1600,4.0,2.166666666666667,0.0,1.0049875621120892
9,1800,3.6666666666666665,2.4600000000000004,0.0,0.7480047534014147
10,2000,3.6666666666666665,2.23,0.0,0.9221894237808919
11,2200,5.0,3.086666666666667,0.0,1.5045265035884214
12,2400,4.333333333333333,2.6466666666666665,0.0,1.1924018711081519
13,2600,3.0,1.9233333333333338,0.0,0.8377947242612596
14,2800,4.666666666666667,2.9433333333333325,0.0,1.2419116089498659
15,3000,3.6666666666666665,1.9766666666666672,0.0,0.7720895169746977
16,3200,3.3333333333333335,1.9266666666666665,0.0,1.0547037498748169
17,3400,4.0,2.5533333333333332,0.0,0.902120957644939
18,3600,3.0,1.2866666666666666,0.0,0.7055651792869473
19,3800,4.666666666666667,2.236666666666667,0.0,1.6078246173012776
20,4000,3.3333333333333335,2.1366666666666667,0.0,0.8807761728536182
21,4200,2.0,0.8433333333333333,0.0,0.39002848898794845
22,4400,4.333333333333333,2.6499999999999995,0.0,1.1376144631054346
23,4600,2.6666666666666665,1.7266666666666663,0.0,0.738436787334494
24,4800,2.6666666666666665,1.5599999999999994,0.0,0.8805049056586162
