,epoch,max,mean,min,std
0,0,0.04336421166086679,0.043150977307653965,0.04301662181212354,7.203133626661299e-05
1,200,0.0035918514794331794,0.002841627848592093,0.00016691859694550968,0.0009134888515458244
2,400,0.0008186772345941899,0.00044474487239731385,2.0156722540421115e-05,0.0002591768354820955
3,600,0.0005004519410132637,0.00017108571653900374,1.7388994590071096e-05,0.00013877790627885714
4,800,0.0004549768826585436,0.0002240549405170705,8.64898554248804e-06,0.0001351722896559611
5,1000,0.00029206792040317606,7.647754917843345e-05,1.1728011689564937e-05,4.7642146688447165e-05
6,1200,0.00038846926067225956,0.00016563414027697,1.1303563937166396e-05,0.00010288527048015058
7,1400,0.0005623470481986438,0.00018394202865214013,1.1323937429281525e-05,0.00014967169060117156
8,1600,0.0006339503434466912,0.00028733544735697763,1.2858411897243116e-05,0.00014754493297601293
9,1800,0.0004939591500529602,0.00029691101165341843,1.646462953652496e-05,7.207702532900141e-05
10,2000,0.00024309135977724984,5.4955870577939014e-05,9.225905881038523e-06,5.519710717904859e-05
11,2200,0.0006665552696694566,0.0005252637304740342,8.59750413768099e-06,0.0001785796492487449
12,2400,0.00020695152313760542,3.134849734542161e-05,8.991501186810683e-06,2.4270939486289745e-05
13,2600,0.0006282964803149348,0.0003469826606247214,8.936076525465222e-06,0.00019467554513961287
14,2800,0.00045010466060062374,0.0002326071662115492,9.612016417091386e-06,0.00010420414655960299
15,3000,0.00028603966697007837,0.0001554133014805833,9.831962504011715e-06,0.00011558499628952993
16,3200,0.0004859231218323876,0.0002739373011256902,7.97567448855415e-06,0.00014152974241719428
17,3400,0.0006978143405286813,0.00034267829160601176,8.568915527777503e-06,0.0001262464690705114
18,3600,0.0006434016721598422,0.0003162779294836196,1.2976928663203172e-05,0.00015616970043998702
19,3800,0.0007271906159257179,0.00036932739216014883,9.335878924498686e-06,0.00013097018846843433
20,4000,0.00044918259578005833,0.00015296467718420813,7.323065531446922e-06,0.00010447721658630677
21,4200,0.0005158765366377825,0.00021652379043344056,8.203616623455146e-06,0.00016650098189277532
22,4400,0.0007682405737000124,0.00035610140522328136,8.227714302301e-06,0.00022287432616294167
23,4600,0.000491302380960205,0.00017557703973159567,8.235491280473978e-06,0.00016859413578704558
24,4800,0.0002933696332004675,0.00012077054409272787,9.781795518050803e-06,6.146761658512295e-05
