,epoch,max,mean,min,std
0,0,131.0,131.0,131.0,0.0
1,200,116.0,113.32666666666665,69.66666666666667,5.214718486063162
2,400,77.66666666666667,71.68333333333332,0.0,14.159910153512826
3,600,18.333333333333332,14.74,0.0,4.488152304803294
4,800,30.333333333333332,13.456666666666665,0.0,10.938276829555925
5,1000,2.6666666666666665,1.7699999999999994,0.0,0.5389186704256341
6,1200,26.333333333333332,18.90333333333333,0.0,6.806580965833319
7,1400,1.6666666666666667,0.6566666666666666,0.0,0.5704871212880757
8,1600,2.6666666666666665,0.7766666666666668,0.0,0.9499181251268156
9,1800,1.6666666666666667,0.7533333333333333,0.0,0.42063444144926276
10,2000,3.3333333333333335,2.0266666666666673,0.0,0.9850888284819801
11,2200,1.0,0.32666666666666666,0.0,0.3463460055429477
12,2400,38.333333333333336,35.93333333333333,0.0,7.156970184527964
13,2600,3.0,1.2066666666666668,0.0,0.9015788620217561
14,2800,1.0,0.4766666666666666,0.0,0.34076710848059005
15,3000,3.6666666666666665,1.9900000000000002,0.0,1.0702595739144574
16,3200,1.6666666666666667,0.6766666666666667,0.0,0.6008420017867518
17,3400,13.666666666666666,11.983333333333338,0.0,3.812078756327634
18,3600,2.3333333333333335,1.3366666666666667,0.0,0.6624785111818933
19,3800,15.0,13.89,0.0,3.453518334812903
20,4000,0.0,0.0,0.0,0.0
21,4200,0.0,0.0,0.0,0.0
22,4400,2.0,0.5333333333333333,0.0,0.5868938953886337
23,4600,1.0,0.27333333333333326,0.0,0.2764054992217051
24,4800,2.0,1.1533333333333333,0.0,0.6207880296669531
