,epoch,max,mean,min,std
0,0,155.0,155.0,155.0,0.0
1,200,22.666666666666668,18.086666666666666,0.0,5.624276743625698
2,400,4.333333333333333,2.316666666666667,0.0,1.3963245404354325
3,600,2.6666666666666665,1.1066666666666667,0.0,0.6845598748263165
4,800,2.0,1.3133333333333332,0.0,0.6106826781015927
5,1000,1.3333333333333333,0.8866666666666666,0.0,0.23199616855073749
6,1200,2.0,0.9366666666666668,0.0,0.44893701612191045
7,1400,3.0,1.3533333333333335,0.0,0.8176116981115723
8,1600,3.0,2.14,0.0,0.8057846417554063
9,1800,2.6666666666666665,1.89,0.0,0.49453682033461044
10,2000,1.3333333333333333,0.55,0.0,0.33124344857252974
11,2200,3.6666666666666665,2.8633333333333337,0.0,0.9499649116327052
12,2400,1.0,0.3433333333333332,0.0,0.28069358540744904
13,2600,3.3333333333333335,2.1166666666666667,0.0,1.1434596626029272
14,2800,2.3333333333333335,1.4833333333333336,0.0,0.5320296566504122
15,3000,2.0,1.2,0.0,0.8027729719194865
16,3200,2.6666666666666665,1.6733333333333331,0.0,0.8806310868411988
17,3400,3.6666666666666665,2.3533333333333335,0.0,0.7671302945972666
18,3600,3.3333333333333335,1.8033333333333337,0.0,0.6800245093622239
19,3800,3.3333333333333335,1.9933333333333334,0.0,0.7133333333333334
20,4000,2.3333333333333335,1.126666666666667,0.0,0.528688103810849
21,4200,2.3333333333333335,1.2033333333333334,0.0,0.8980163324424192
22,4400,4.333333333333333,2.44,0.0,1.216442901797422
23,4600,2.3333333333333335,0.8100000000000002,0.0,0.8141184734968793
24,4800,1.6666666666666667,0.9333333333333332,0.0,0.29059326290271165
