,epoch,max,mean,min,std
0,0,149.0,149.0,149.0,0.0
1,200,35.0,32.73999999999999,5.0,4.196712999479473
2,400,10.666666666666666,8.919999999999998,0.0,2.701489301190076
3,600,2.0,0.96,0.0,0.5798083974709041
4,800,1.3333333333333333,0.5399999999999999,0.0,0.4983974317750844
5,1000,3.6666666666666665,2.990000000000001,0.0,1.0115499658115428
6,1200,2.6666666666666665,1.08,0.0,0.8368193751740376
7,1400,2.3333333333333335,1.31,0.0,0.8721047337715044
8,1600,2.6666666666666665,0.17666666666666667,0.0,0.5801436603692801
9,1800,1.3333333333333333,0.47666666666666674,0.0,0.6041614942307322
10,2000,1.3333333333333333,0.23666666666666672,0.0,0.2594652620722516
11,2200,2.3333333333333335,1.7300000000000006,0.0,0.7463913182774836
12,2400,4.333333333333333,1.6200000000000003,0.0,1.5958418189504597
13,2600,3.0,1.2633333333333332,0.0,0.9947584854850171
14,2800,0.3333333333333333,0.20999999999999994,0.0,0.1609347693943108
15,3000,2.6666666666666665,1.4966666666666668,0.0,0.8975212779898005
16,3200,1.6666666666666667,0.8433333333333332,0.0,0.7078213836209747
17,3400,1.3333333333333333,0.7933333333333334,0.0,0.44417213880306444
18,3600,1.0,0.24666666666666662,0.0,0.21919042963698135
19,3800,1.3333333333333333,0.4533333333333333,0.0,0.3249615361854383
20,4000,2.3333333333333335,0.45000000000000007,0.0,0.5876034187934732
21,4200,1.0,0.20999999999999994,0.0,0.34530180036213726
22,4400,2.6666666666666665,1.1533333333333333,0.0,0.9011350866792638
23,4600,0.3333333333333333,0.04999999999999999,0.0,0.11902380714238081
24,4800,2.0,0.7666666666666667,0.0,0.5174724898753342
