,epoch,max,mean,min,std
0,0,201.0,201.0,201.0,0.0
1,200,93.33333333333333,88.01333333333334,31.0,8.298717437719585
2,400,50.0,42.56333333333334,0.0,10.94955047276168
3,600,9.0,4.93,0.0,2.1874871428193585
4,800,5.666666666666667,3.4,0.0,1.567730135507313
5,1000,8.0,5.176666666666668,0.0,1.8567923356632476
6,1200,14.333333333333334,7.9333333333333345,0.0,4.315347288715269
7,1400,8.666666666666666,5.33,0.0,2.417296469658247
8,1600,11.333333333333334,5.856666666666667,0.0,2.3627926038670615
9,1800,8.333333333333334,5.519999999999999,0.0,2.210741454303912
10,2000,7.666666666666667,3.956666666666666,0.0,2.170332795781431
11,2200,11.666666666666666,6.466666666666665,0.0,3.1134118476894974
12,2400,20.0,14.203333333333335,0.0,4.590544629997622
13,2600,6.0,3.28,0.0,1.8413280231639577
14,2800,7.333333333333333,5.076666666666666,0.0,2.004913409047328
15,3000,5.666666666666667,3.8566666666666674,0.0,1.5693275276018352
16,3200,9.0,4.416666666666667,0.0,2.600587540452264
17,3400,4.666666666666667,2.9,0.0,1.6596519046006133
18,3600,8.0,3.8399999999999994,0.0,2.248199279423423
19,3800,8.666666666666666,4.403333333333333,0.0,1.5707712189310772
20,4000,9.0,5.716666666666665,0.0,2.8737799343566848
21,4200,8.333333333333334,4.866666666666666,0.0,2.24746771080501
22,4400,8.666666666666666,4.806666666666667,0.0,2.6508614951873035
23,4600,6.333333333333333,3.4399999999999995,0.0,1.8943659156092894
24,4800,11.0,6.456666666666666,0.0,3.779375315813154
