,epoch,max,mean,min,std
0,0,0.041792394690942,0.04169882865899574,0.041596726916662684,3.830526584896003e-05
1,200,0.006965023061070584,0.006535516194123426,0.0006479889724554295,0.0010478526619827366
2,400,0.0020876506633809634,0.0017122989096702377,4.482662246267495e-05,0.0005686454858328885
3,600,0.00044947195048438164,0.00016742919222454243,2.772968443788867e-05,0.00014586365711151893
4,800,0.00033361583458906517,0.0001171549236551385,1.6189739882738803e-05,0.00010928134479331277
5,1000,0.0007031086027188583,0.0005783400328961238,1.797409353477532e-05,0.0001904505735163341
6,1200,0.0004204416099388622,0.00020630426541157717,1.677908921126085e-05,0.0001462880984044418
7,1400,0.00046159979249364177,0.0002612034106763585,1.616081407715093e-05,0.00016281943950733022
8,1600,0.0004921141720532604,4.530345487476606e-05,1.538417294951358e-05,0.00010246307111288519
9,1800,0.00029776280113480734,0.00012014257853453941,2.790893508641584e-05,0.00011671677909971039
10,2000,0.0002431674092166663,3.4036762018518656e-05,1.8081643923891627e-05,2.5328599235569713e-05
11,2200,0.00046330217108273816,0.00027323881630912867,1.1884820569263203e-05,0.00012356362493590222
12,2400,0.0006989311133056751,0.00024163090616228554,1.4209606550410613e-05,0.00024288671296391592
13,2600,0.0005826084989935998,0.00021545671417925682,1.6007138754799908e-05,0.0001983546302482313
14,2800,3.8900071113925516e-05,3.0045261067959725e-05,1.6452417468617873e-05,1.007586454829227e-05
15,3000,0.0004916815134785598,0.00019193030891140973,1.5945266568330093e-05,0.00014995615789996583
16,3200,0.0003497906089970982,0.00019216113907365384,1.4120818845999958e-05,0.00014894110252156004
17,3400,0.0002525333393641963,0.00012986849312467662,1.6314377716854894e-05,9.696278047090348e-05
18,3600,0.00023607991675175487,3.976012130969123e-05,1.8224821077419245e-05,3.89858398431624e-05
19,3800,0.0002928102341510458,8.120304659092907e-05,1.641478041655952e-05,6.519500768446469e-05
20,4000,0.00046354418737891163,7.603109021528784e-05,1.6465931068911818e-05,0.00011266923084093284
21,4200,0.00022674760308098922,4.3770752380864624e-05,1.018534572899033e-05,7.14820038844466e-05
22,4400,0.0005083364115862929,0.00019311334197198607,1.4772152043638876e-05,0.00017462757189529027
23,4600,3.511726817544339e-05,1.6661039536494675e-05,1.2460544614844243e-05,7.444223693821239e-06
24,4800,0.0004341221757901618,0.00011008085432757693,1.4535831562465361e-05,0.00011627231280118947
