,epoch,max,mean,min,std
0,0,0.03947479425962363,0.03938404335494586,0.03928389579828619,4.519176125781516e-05
1,200,0.013951232354651856,0.013130124228431305,0.0022320042045939326,0.001778710615538701
2,400,0.006602273132756884,0.005614921676293818,9.872313873942206e-05,0.0015426463597965443
3,600,0.0013363872695442002,0.000754481803707396,5.637279547314149e-05,0.0002880960621265199
4,800,0.0008574079389738525,0.0005412435708971432,3.789345823405121e-05,0.00022532566297565041
5,1000,0.001156258615000728,0.0008168331791790643,3.639656712456766e-05,0.00026473016262583486
6,1200,0.001813345797116745,0.0010220369448344208,3.575041428355764e-05,0.0004969299657382122
7,1400,0.0012489474114550445,0.0007312824146802028,3.0817013760225645e-05,0.00032656239047954737
8,1600,0.0014773136139578909,0.0007970841914265486,2.8838890715544488e-05,0.0003288983756723271
9,1800,0.0011163325239992585,0.000789638494998153,6.412848521539748e-05,0.00025380317980829047
10,2000,0.001029940489686741,0.000574947849465795,4.582991922702894e-05,0.0002744461908818178
11,2200,0.0015232369342417515,0.0008696357741511416,2.1825074433799583e-05,0.0003550218790467893
12,2400,0.0022340832286147434,0.0015736920274118185,3.4786172081782365e-05,0.0005179476044685289
13,2600,0.0008488291910776477,0.0005002083956957424,3.55617565197591e-05,0.00024359764973119595
14,2800,0.0009759864568467596,0.0006521796029643239,3.3779791158175034e-05,0.00024404386079292844
15,3000,0.0007554339331529102,0.0005017620735653167,3.674512007506105e-05,0.0001702974214030123
16,3200,0.001012003466199816,0.0005191376801551169,2.9775762077817845e-05,0.00028107597291560755
17,3400,0.0007097816151076211,0.00040104343980319285,3.970202124758065e-05,0.00021767748395741938
18,3600,0.0010893594121764284,0.0005115954133740959,3.910527509143426e-05,0.00030297593003735283
19,3800,0.0012799522324727563,0.0007095368216076542,3.528255849308838e-05,0.0002148141591022476
20,4000,0.001181613445267696,0.0007809540245282155,3.912630579297246e-05,0.00036579227175472
21,4200,0.0011139025501465288,0.000715639487384382,1.3448669721144111e-05,0.00028896328954641657
22,4400,0.0011702765827197607,0.0007110412489762514,3.3149334024563004e-05,0.0003333634165786254
23,4600,0.0008666455973057506,0.0005108493036189624,2.35628134671489e-05,0.00023955398543732713
24,4800,0.0014570646050393661,0.0008966575952436595,3.033570450627238e-05,0.000476679265506872
