,epoch,max,mean,min,std
0,0,40.333333333333336,40.09666666666667,40.0,0.1512540173938468
1,200,6.333333333333333,4.34,0.3333333333333333,1.945353438324255
2,400,6.333333333333333,5.51,0.0,1.2031948212063488
3,600,1.3333333333333333,0.65,0.0,0.37822685726367394
4,800,13.333333333333334,10.873333333333333,0.0,3.7552274675887922
5,1000,1.0,0.7333333333333333,0.0,0.2788866755113586
6,1200,0.0,0.0,0.0,0.0
7,1400,0.6666666666666666,0.34999999999999987,0.0,0.3140240613569462
8,1600,0.0,0.0,0.0,0.0
9,1800,0.0,0.0,0.0,0.0
10,2000,0.0,0.0,0.0,0.0
11,2200,1.3333333333333333,1.07,0.0,0.28005951748393293
12,2400,1.3333333333333333,0.8999999999999997,0.0,0.39015666369065416
13,2600,1.0,0.46333333333333326,0.0,0.3087429711300683
14,2800,0.0,0.0,0.0,0.0
15,3000,0.0,0.0,0.0,0.0
16,3200,0.0,0.0,0.0,0.0
17,3400,0.0,0.0,0.0,0.0
18,3600,0.0,0.0,0.0,0.0
19,3800,0.0,0.0,0.0,0.0
20,4000,1.3333333333333333,0.6333333333333333,0.0,0.3872983346207417
21,4200,0.0,0.0,0.0,0.0
22,4400,0.0,0.0,0.0,0.0
23,4600,0.0,0.0,0.0,0.0
24,4800,0.0,0.0,0.0,0.0
