,epoch,max,mean,min,std
0,0,52.333333333333336,52.22666666666665,52.0,0.1554920505292091
1,200,8.0,6.093333333333334,1.6666666666666667,1.335065541462291
2,400,9.666666666666666,8.103333333333335,0.6666666666666666,1.6245990958455634
3,600,7.666666666666667,4.873333333333333,1.3333333333333333,1.9515122341404885
4,800,2.0,1.2866666666666666,0.0,0.8014154145427118
5,1000,3.3333333333333335,2.1733333333333333,0.0,0.793697395457208
6,1200,0.0,0.0,0.0,0.0
7,1400,0.3333333333333333,0.2633333333333333,0.0,0.1357694123627753
8,1600,0.0,0.0,0.0,0.0
9,1800,0.3333333333333333,0.05333333333333332,0.0,0.12220201853215573
10,2000,0.0,0.0,0.0,0.0
11,2200,3.6666666666666665,2.4466666666666663,0.0,0.9094809264385677
12,2400,0.0,0.0,0.0,0.0
13,2600,0.0,0.0,0.0,0.0
14,2800,0.0,0.0,0.0,0.0
15,3000,0.0,0.0,0.0,0.0
16,3200,0.0,0.0,0.0,0.0
17,3400,0.0,0.0,0.0,0.0
18,3600,0.0,0.0,0.0,0.0
19,3800,0.0,0.0,0.0,0.0
20,4000,0.3333333333333333,0.21999999999999992,0.0,0.15790292376436013
21,4200,0.0,0.0,0.0,0.0
22,4400,0.0,0.0,0.0,0.0
23,4600,0.0,0.0,0.0,0.0
24,4800,0.0,0.0,0.0,0.0
