,epoch,max,mean,min,std
0,0,0.06835029872515457,0.06756672103525506,0.06703552876488285,0.00027255122849669785
1,200,0.008654129364163968,0.0061654029982363325,4.527196499514838e-05,0.0021087428184148973
2,400,0.006692699083990895,0.0042403445866363975,0.00013511195327804321,0.001439174095085535
3,600,0.00903561328670902,0.005047392944105747,2.7483324484477886e-05,0.0029246877682809515
4,800,0.00032949231980373847,0.0002652455618412942,2.4029219530949635e-05,6.555169291573557e-05
5,1000,0.00555967057847104,0.0018729580228605608,9.618400737201198e-06,0.001654953368695481
6,1200,0.0002578681581565088,0.00014148696472052874,1.0163978445408663e-05,6.801874608457408e-05
7,1400,1.5874541537747995e-05,8.933252167969583e-06,7.846493717312632e-06,1.5373288057519193e-06
8,1600,0.00038426124262341105,0.0002582224266612963,6.179247298047759e-06,0.00014721871918860012
9,1800,0.0005792399748570451,0.0002513084344849051,6.180772962779882e-06,0.00019377324891023992
10,2000,0.0003335246516907417,0.00018765850436034984,8.20868652471882e-06,0.00014980287486412983
11,2200,0.00105531022866663,0.0007611799735144603,7.033619548037079e-06,0.0002711253451927764
12,2400,1.1895913049315584e-05,6.510807808962364e-06,5.613530815376259e-06,1.1002234285020959e-06
13,2600,1.670602881675546e-05,9.276581656627793e-06,7.693622111153829e-06,1.1506720480907624e-06
14,2800,0.0002746190415163886,0.0001698806594533238,7.834593532402066e-06,0.0001039370945537926
15,3000,1.2634945045556347e-05,6.767397154940406e-06,5.7459585141246026e-06,7.889838762530398e-07
16,3200,0.00012127631008830548,6.667494492350316e-05,7.194424610802927e-06,5.339148114267899e-05
17,3400,0.0001188175488060148,4.219208729243332e-05,8.327688373824476e-06,3.864218120278508e-05
18,3600,0.00011623673434515421,7.177681355766707e-05,5.347149753147445e-06,4.693729729253248e-05
19,3800,1.004131500094591e-05,6.64195089800626e-06,5.786541195999096e-06,6.508606325851467e-07
20,4000,0.00016384022018393419,9.750155922935624e-05,9.541202101755735e-06,6.907055231740172e-05
21,4200,0.00011544003222203918,7.026606982662345e-05,4.734747929672958e-06,5.297119067357322e-05
22,4400,0.00012054826287813602,8.51094481365531e-05,8.605359355071004e-06,4.9783156076061113e-05
23,4600,0.00011423292628598283,6.517999182243704e-05,3.1398180187107516e-06,5.38260254781411e-05
24,4800,0.000224711191666209,6.431146445506307e-05,4.554109225389502e-06,8.528635017380203e-05
