,epoch,max,mean,min,std
0,0,52.666666666666664,51.79333333333334,50.0,0.6069596362197415
1,200,10.666666666666666,7.719999999999999,0.0,2.658203236106006
2,400,11.0,8.663333333333332,0.3333333333333333,1.76666352200978
3,600,9.0,5.23,0.0,2.664872312971945
4,800,2.3333333333333335,1.886666666666667,0.0,0.5168709273653873
5,1000,10.333333333333334,4.706666666666667,0.0,2.8032837887021
6,1200,1.3333333333333333,0.6266666666666668,0.0,0.3536476589299958
7,1400,0.0,0.0,0.0,0.0
8,1600,1.3333333333333333,0.8899999999999997,0.0,0.5313609361295244
9,1800,2.3333333333333335,1.1066666666666665,0.0,0.7628601153262344
10,2000,1.0,0.5566666666666666,0.0,0.46441121624889486
11,2200,5.333333333333333,3.773333333333333,0.0,1.434402701862734
12,2400,0.0,0.0,0.0,0.0
13,2600,0.0,0.0,0.0,0.0
14,2800,1.0,0.66,0.0,0.4294182110716778
15,3000,0.0,0.0,0.0,0.0
16,3200,0.3333333333333333,0.1833333333333333,0.0,0.16583123951776998
17,3400,0.3333333333333333,0.16999999999999996,0.0,0.16663332999933314
18,3600,0.6666666666666666,0.2833333333333334,0.0,0.21794494717703367
19,3800,0.0,0.0,0.0,0.0
20,4000,0.6666666666666666,0.3599999999999999,0.0,0.30066592756745814
21,4200,0.3333333333333333,0.19999999999999993,0.0,0.1632993161855452
22,4400,0.3333333333333333,0.23333333333333328,0.0,0.15275252316519464
23,4600,0.3333333333333333,0.18999999999999992,0.0,0.16502525059315418
24,4800,0.6666666666666666,0.18333333333333335,0.0,0.2640496586292476
