,epoch,max,mean,min,std
0,0,0.0677160713522882,0.06746197180571575,0.06709135558362779,0.00012811208509916247
1,200,0.007368872777869319,0.005867850127850706,0.0010440608923307888,0.0012625226137224599
2,400,0.00633160292439416,0.004620764467878655,0.0004202470966600147,0.0011836844943282267
3,600,0.0077097596772913975,0.004839330465083638,0.0005168207588046111,0.0021269991016341834
4,800,0.0003632671805105484,0.00022018147476855665,2.388916350854067e-05,0.0001274282355291016
5,1000,0.0019151217785589184,0.000979597813417306,4.304785094865833e-05,0.00029458523059316233
6,1200,2.1389209278482637e-05,1.1877165681087246e-05,1.053563037415402e-05,1.6477527764652455e-06
7,1400,5.877013114614037e-05,4.4196087585360936e-05,7.885245601508576e-06,1.7680877176428065e-05
8,1600,9.468275327560216e-06,6.638512049700053e-06,5.755417635463771e-06,6.649764879865739e-07
9,1800,5.178289180595986e-05,1.3222707383607034e-05,5.835972733319906e-06,1.532108677604954e-05
10,2000,1.6071352288191964e-05,8.79043774372494e-06,7.86876842240164e-06,9.896847187653223e-07
11,2200,0.0006069512336525024,0.00045836186936648295,6.816670023129076e-06,0.00015046735686190872
12,2400,1.1390918022982613e-05,6.474924174462814e-06,5.740160988142534e-06,8.758987781075352e-07
13,2600,1.165119642628293e-05,8.56915838230717e-06,7.653039429279336e-06,6.674560170077485e-07
14,2800,1.267613799332369e-05,8.76160878294673e-06,7.708268492582218e-06,1.1480025454462425e-06
15,3000,1.1883707731458597e-05,6.725877714920392e-06,5.608953821179888e-06,7.590525879491885e-07
16,3200,1.1177019827538859e-05,7.952734906598805e-06,7.191678414285103e-06,6.51612945798472e-07
17,3400,1.0100815925498738e-05,8.774738653631386e-06,8.360642732038347e-06,3.23789802823503e-07
18,3600,6.730622532237296e-06,5.593742943800612e-06,5.0258447605621774e-06,3.2207480600237936e-07
19,3800,8.503444950965134e-06,6.614537754099461e-06,5.683406260107528e-06,5.449750318373034e-07
20,4000,5.763137499008317e-05,3.957702165833654e-05,9.506416945863311e-06,2.0153211666183287e-05
21,4200,6.555781353935909e-06,5.123694793821667e-06,4.670670010923759e-06,2.898035876593674e-07
22,4400,9.861286562555306e-06,8.88983174969334e-06,8.193429877397582e-06,3.3099649713789557e-07
23,4600,4.8076747038684756e-06,3.58162916582755e-06,3.1672799838889806e-06,2.7843502997853605e-07
24,4800,6.76296662455832e-06,4.914489543093926e-06,4.443345965837315e-06,4.238981149617277e-07
