,epoch,max,mean,min,std
0,0,0.10103663955051882,0.10090242187070907,0.10067976948223008,7.497976953896932e-05
1,200,0.02523532768227117,0.021324456041530628,0.013275872120816374,0.0019069265507412026
2,400,0.014580984725044701,0.014204469310745357,0.010821944958084905,0.00046857634623551786
3,600,0.009402366204288541,0.009224713398794522,0.009051687690326675,7.930626924479005e-05
4,800,0.01846661743855131,0.014520247737439202,0.008962368360561364,0.003930393818885659
5,1000,0.009251741597147211,0.009153625365905258,0.009080878538779346,4.826867466896812e-05
6,1200,0.009141362194841626,0.009124405843092502,0.009076528970339042,8.640908577439891e-06
7,1400,0.009165232134974543,0.009133887375429474,0.00911015360392523,1.109221324765148e-05
8,1600,0.009146944703807449,0.00913908447503911,0.009126927168834127,4.186441247871116e-06
9,1800,0.009252171020913812,0.009196493198586625,0.009163790483513666,2.3885406109409992e-05
10,2000,0.009176672993089755,0.00916055974604802,0.009138517745515053,1.0407307175730475e-05
11,2200,0.009379848613374181,0.009308324429553956,0.009205711275069216,5.6298029611584264e-05
12,2400,0.009347858475271009,0.00927199435707471,0.00919831770035538,5.1440848563896886e-05
13,2600,0.009185117852515008,0.00917367102803358,0.00916039109906853,5.967861106056103e-06
14,2800,0.009201227854976414,0.0091979072721318,0.009193014082902587,1.7199223390636682e-06
15,3000,0.009221921361137047,0.009201975520200821,0.009162430811104398,1.2906999386602379e-05
16,3200,0.009197227562048785,0.009189727233522313,0.00918235294117647,2.82716969247866e-06
17,3400,0.009167116229207732,0.00915883329570027,0.009150380297362226,4.144584912339001e-06
18,3600,0.009255224791441632,0.009225011767960633,0.009197815451525563,1.3404033567874292e-05
19,3800,0.009188292659111575,0.009170342031656526,0.009151709659898819,9.107456054759277e-06
20,4000,0.009149291583009382,0.009137316957865209,0.009121430097093302,5.865901898786471e-06
21,4200,0.009255499817937341,0.009240054334006658,0.009225588042043252,7.741482837046765e-06
22,4400,0.009166119461582745,0.009156704497049363,0.009148169710876362,4.6800909745299995e-06
23,4600,0.009255387325591094,0.00924845632428716,0.009239467115822363,3.2359071593869205e-06
24,4800,0.009244980054476402,0.009230821234812009,0.009200581786817852,9.228075926050212e-06
