,epoch,max,mean,min,std
0,0,0.0626698152064021,0.062488469744542696,0.06226409340424623,0.00010012709656233785
1,200,0.002926269632762328,0.0015021182326598029,9.02752858587153e-05,0.0007713679422732293
2,400,0.0011114229569823572,0.0009536162996425878,6.783733464337079e-05,0.0002698665502352796
3,600,0.001759368369715352,0.0012180112225354922,4.572155296395973e-05,0.000541810055227885
4,800,0.019464732403491534,0.017024781243325217,6.396364646076296e-05,0.004876418543404701
5,1000,0.0006707544818944281,0.00013918945526649295,1.4672241445597847e-05,0.00011415111163044668
6,1200,7.468512822703518e-05,3.3320332635595994e-05,1.5340965725433238e-05,2.299556569899952e-05
7,1400,6.570176000683497e-05,3.350165356629217e-05,1.2677282241872783e-05,1.6633131744971982e-05
8,1600,9.426929813319663e-06,7.882682230481154e-06,7.5263075455309186e-06,3.916522696767245e-07
9,1800,1.0894136158457572e-05,7.95414334942401e-06,7.482520967718968e-06,5.871111756968261e-07
10,2000,1.1509462172668628e-05,1.0428747134293078e-05,9.869067452689137e-06,3.278252182745671e-07
11,2200,0.0001667830748857277,0.00012602671693223404,8.993691884887578e-06,3.574193446194341e-05
12,2400,0.00011250676378031243,8.351129907300611e-05,6.6443461916356944e-06,3.202719031932083e-05
13,2600,1.3584696769048941e-05,9.68209698548991e-06,8.964322838794195e-06,6.001346970859041e-07
14,2800,1.2663042704372962e-05,1.1279324547538697e-05,1.0880430603613995e-05,4.773998728114982e-07
15,3000,8.335291269739558e-06,7.71820133282071e-06,7.26074017115924e-06,2.685634814553002e-07
16,3200,1.0209392398934882e-05,8.687212539336721e-06,8.313931963489825e-06,3.0567936163084704e-07
17,3400,9.612577783473593e-06,9.29748529767753e-06,9.122025716604724e-06,9.236796981483629e-08
18,3600,6.841385791789482e-06,6.45017051846156e-06,6.130298887892121e-06,1.2142812330931691e-07
19,3800,8.048542583336892e-06,7.245712119270366e-06,6.817356572258532e-06,2.649738941513067e-07
20,4000,3.891718996966979e-05,3.047902872114714e-05,1.060703148361741e-05,1.0766424774335172e-05
21,4200,7.012438236006094e-06,6.49105045068136e-06,6.263438563515456e-06,1.3274299548087463e-07
22,4400,9.524826633630938e-06,9.164543195637004e-06,8.750907770515611e-06,1.5972315093212098e-07
23,4600,6.260234667577996e-06,5.720120110498811e-06,5.392512851182594e-06,1.747683012090694e-07
24,4800,6.886774317570165e-06,6.32888169792245e-06,6.092386119298845e-06,1.3192604667704685e-07
