,epoch,max,mean,min,std
0,0,0.06502125149260868,0.06483242042437891,0.06445090512603008,0.00012610910453861475
1,200,0.007107476367453298,0.004735320261437909,0.0001747541137006727,0.002296575753309465
2,400,0.0055182740053174514,0.0047980472264432285,8.692342586998489e-05,0.0010994568874779487
3,600,0.00036920598304681344,0.0001584890711549689,3.5057741324561775e-05,7.759694897610921e-05
4,800,0.010117905811562097,0.007958155438791348,3.620992333026166e-05,0.0029692737351425195
5,1000,0.00019451004802792575,0.0001440434550000102,1.2473428005915508e-05,4.741416451555925e-05
6,1200,2.0337314301174353e-05,1.3519248803370297e-05,1.2299298804489114e-05,1.3459898795327803e-06
7,1400,0.0001475720571452982,7.518701598286374e-05,1.1017333585576567e-05,5.5749211061507726e-05
8,1600,1.0307797774156865e-05,7.738753308149693e-06,6.953369583127369e-06,6.593512943396873e-07
9,1800,9.054311630243964e-06,7.348842223890282e-06,6.946046392413174e-06,3.9764431640919573e-07
10,2000,1.1716698298782112e-05,9.803181112677462e-06,9.064482728458123e-06,4.706902192860284e-07
11,2200,0.00024687777798119975,0.00019809934721891665,8.772368787747488e-06,5.057178521997955e-05
12,2400,0.00024982129380437726,0.00017012651625646625,6.12422165670916e-06,6.880751900982226e-05
13,2600,0.00020003905701714236,9.697776394508421e-05,8.834209064889572e-06,5.823676167942684e-05
14,2800,1.2689868975912806e-05,9.590715007862257e-06,9.204030195956379e-06,6.189354309470423e-07
15,3000,8.74633077631924e-06,7.386015553643388e-06,6.703974254916199e-06,3.904594271301244e-07
16,3200,1.1232554023788162e-05,8.301357434767662e-06,7.796757047045398e-06,4.921076598054001e-07
17,3400,1.0275657103800125e-05,8.947958558877434e-06,8.670250961677334e-06,2.3539378023188109e-07
18,3600,6.684445746345016e-06,6.361501172727623e-06,6.061567691709944e-06,1.3271703654366596e-07
19,3800,8.069749323113414e-06,6.796580069936471e-06,6.2926550431356265e-06,3.2762232322054115e-07
20,4000,0.0002444428170687302,0.00012208635669227748,1.028053923094292e-05,6.768270762753306e-05
21,4200,7.608388308119181e-06,6.1975186588796734e-06,5.835362467427057e-06,2.478215560352435e-07
22,4400,1.0982345007719865e-05,9.203757610524239e-06,8.556741505607325e-06,2.9413378853601857e-07
23,4600,5.502157289931222e-06,5.002329181491041e-06,4.62581546779932e-06,2.1050363071513266e-07
24,4800,7.5945556145479255e-06,5.857283218298211e-06,5.542434838859291e-06,2.8290696568941005e-07
