,epoch,max,mean,min,std
0,0,81.0,81.0,81.0,0.0
1,200,28.0,18.89333333333333,12.0,4.573566563537816
2,400,16.0,15.63,12.0,0.8930534387394988
3,600,13.666666666666666,12.663333333333338,12.0,0.4795715680572492
4,800,29.666666666666668,22.653333333333336,12.0,7.242761904135743
5,1000,13.333333333333334,12.44333333333333,12.0,0.48774993593028815
6,1200,12.0,12.0,12.0,0.0
7,1400,12.333333333333334,12.04333333333333,12.0,0.1121011448053351
8,1600,12.0,12.0,12.0,0.0
9,1800,12.666666666666666,12.213333333333331,12.0,0.26465910988372265
10,2000,12.0,12.0,12.0,0.0
11,2200,13.666666666666666,12.99,12.0,0.6332543810437562
12,2400,13.333333333333334,12.603333333333332,12.0,0.5571654452075555
13,2600,12.0,12.0,12.0,0.0
14,2800,12.0,12.0,12.0,0.0
15,3000,12.0,12.0,12.0,0.0
16,3200,12.0,12.0,12.0,0.0
17,3400,12.0,12.0,12.0,0.0
18,3600,12.666666666666666,12.233333333333334,12.0,0.16666666666666688
19,3800,12.0,12.0,12.0,0.0
20,4000,12.0,12.0,12.0,0.0
21,4200,12.0,12.0,12.0,0.0
22,4400,12.0,12.0,12.0,0.0
23,4600,12.0,12.0,12.0,0.0
24,4800,12.0,12.0,12.0,0.0
