,epoch,max,mean,min,std
0,0,94.0,94.0,94.0,0.0
1,200,7.666666666666667,4.843333333333333,0.0,2.1210348627235924
2,400,4.0,3.2866666666666675,0.0,1.0862985061411274
3,600,5.0,3.7366666666666672,0.0,1.3352444636761382
4,800,50.0,44.55666666666666,0.0,11.64770411330538
5,1000,3.0,1.32,0.0,0.6323149707402335
6,1200,0.6666666666666666,0.2266666666666667,0.0,0.30140412147886175
7,1400,0.6666666666666666,0.26,0.0,0.21898756940875788
8,1600,0.0,0.0,0.0,0.0
9,1800,0.0,0.0,0.0,0.0
10,2000,0.0,0.0,0.0,0.0
11,2200,2.0,1.4833333333333332,0.0,0.46517619123176196
12,2400,1.3333333333333333,0.9799999999999999,0.0,0.4022713291078824
13,2600,0.0,0.0,0.0,0.0
14,2800,0.0,0.0,0.0,0.0
15,3000,0.0,0.0,0.0,0.0
16,3200,0.0,0.0,0.0,0.0
17,3400,0.0,0.0,0.0,0.0
18,3600,0.0,0.0,0.0,0.0
19,3800,0.0,0.0,0.0,0.0
20,4000,0.3333333333333333,0.24999999999999997,0.0,0.14433756729740646
21,4200,0.0,0.0,0.0,0.0
22,4400,0.0,0.0,0.0,0.0
23,4600,0.0,0.0,0.0,0.0
24,4800,0.0,0.0,0.0,0.0
